satellite, 49098 ONEWEB-0312 / UK
catalogue, 1 NORAD
track, 20051812
variability, 0 Not variable
variability_period, 0.0
npoints, 1112
#,
Date Time StdMag Mag Filter Penumbra Distance Phase Channel,

Date,Time,StdMag,Mag,Filter,Penumbra,Distance,Phase,Channel
2021-12-13,01:22:22.795000,6.4,6.96869,Clear,0,1323.793,87.69,1
2021-12-13,01:22:22.895000,6.446,7.01484,Clear,0,1323.807,87.693,1
2021-12-13,01:22:22.995000,6.428,6.99648,Clear,0,1323.821,87.695,1
2021-12-13,01:22:23.095000,6.489,7.05783,Clear,0,1323.835,87.698,1
2021-12-13,01:22:23.195000,6.389,6.95803,Clear,0,1323.85,87.701,1
2021-12-13,01:22:23.295000,6.412,6.98059,Clear,0,1323.865,87.704,1
2021-12-13,01:22:23.395000,6.493,7.0616,Clear,0,1323.88,87.706,1
2021-12-13,01:22:23.495000,6.379,6.94818,Clear,0,1323.895,87.709,1
2021-12-13,01:22:23.595000,6.291,6.86044,Clear,0,1323.911,87.712,1
2021-12-13,01:22:23.695000,6.436,7.00541,Clear,0,1323.928,87.714,1
2021-12-13,01:22:23.795000,6.353,6.92335,Clear,0,1323.944,87.717,1
2021-12-13,01:22:23.895000,6.329,6.89878,Clear,0,1323.961,87.72,1
2021-12-13,01:22:23.995000,6.308,6.87757,Clear,0,1323.978,87.723,1
2021-12-13,01:22:24.095000,6.433,7.0033,Clear,0,1323.996,87.725,1
2021-12-13,01:22:24.195000,6.278,6.84814,Clear,0,1324.014,87.728,1
2021-12-13,01:22:24.295000,6.31,6.87982,Clear,0,1324.032,87.731,1
2021-12-13,01:22:24.395000,6.358,6.92795,Clear,0,1324.051,87.734,1
2021-12-13,01:22:24.495000,6.417,6.98658,Clear,0,1324.07,87.736,1
2021-12-13,01:22:24.595000,6.375,6.94538,Clear,0,1324.089,87.739,1
2021-12-13,01:22:24.695000,6.33,6.90031,Clear,0,1324.109,87.742,1
2021-12-13,01:22:24.795000,6.411,6.9809,Clear,0,1324.129,87.745,1
2021-12-13,01:22:24.895000,6.309,6.87935,Clear,0,1324.149,87.747,1
2021-12-13,01:22:24.995000,6.275,6.84495,Clear,0,1324.169,87.75,1
2021-12-13,01:22:25.095000,6.424,6.99481,Clear,0,1324.19,87.753,1
2021-12-13,01:22:25.195000,6.406,6.97729,Clear,0,1324.212,87.756,1
2021-12-13,01:22:25.295000,6.369,6.93951,Clear,0,1324.233,87.758,1
2021-12-13,01:22:25.897000,6.315,6.88585,Clear,0,1324.37,87.775,1
2021-12-13,01:22:25.997000,6.347,6.91827,Clear,0,1324.394,87.778,1
2021-12-13,01:22:26.097000,6.358,6.92874,Clear,0,1324.418,87.781,1
2021-12-13,01:22:26.197000,6.374,6.94568,Clear,0,1324.443,87.783,1
2021-12-13,01:22:26.297000,6.37,6.94209,Clear,0,1324.468,87.786,1
2021-12-13,01:22:26.397000,6.326,6.8983,Clear,0,1324.493,87.789,1
2021-12-13,01:22:26.497000,6.202,6.77346,Clear,0,1324.519,87.792,1
2021-12-13,01:22:26.597000,6.329,6.9005,Clear,0,1324.545,87.795,1
2021-12-13,01:22:26.697000,6.415,6.98679,Clear,0,1324.571,87.797,1
2021-12-13,01:22:26.797000,6.323,6.89458,Clear,0,1324.597,87.8,1
2021-12-13,01:22:26.897000,6.399,6.97104,Clear,0,1324.624,87.803,1
2021-12-13,01:22:26.997000,6.306,6.87813,Clear,0,1324.652,87.806,1
2021-12-13,01:22:27.097000,6.346,6.91788,Clear,0,1324.679,87.809,1
2021-12-13,01:22:27.197000,6.414,6.98565,Clear,0,1324.707,87.811,1
2021-12-13,01:22:27.297000,6.324,6.89706,Clear,0,1324.735,87.814,1
2021-12-13,01:22:27.397000,6.327,6.89945,Clear,0,1324.764,87.817,1
2021-12-13,01:22:27.497000,6.304,6.87653,Clear,0,1324.793,87.82,1
2021-12-13,01:22:27.597000,6.274,6.84714,Clear,0,1324.822,87.823,1
2021-12-13,01:22:27.697000,6.445,7.01836,Clear,0,1324.852,87.825,1
2021-12-13,01:22:27.797000,6.33,6.90338,Clear,0,1324.882,87.828,1
2021-12-13,01:22:27.897000,6.321,6.89353,Clear,0,1324.912,87.831,1
2021-12-13,01:22:27.996000,6.286,6.85851,Clear,0,1324.942,87.834,1
2021-12-13,01:22:28.096000,6.247,6.8203,Clear,0,1324.973,87.837,1
2021-12-13,01:22:28.196000,6.216,6.78874,Clear,0,1325.004,87.839,1
2021-12-13,01:22:28.296000,6.324,6.89773,Clear,0,1325.036,87.842,1
2021-12-13,01:22:28.396000,6.33,6.90376,Clear,0,1325.068,87.845,1
2021-12-13,01:22:28.497000,6.279,6.8529,Clear,0,1325.1,87.848,1
2021-12-13,01:22:28.597000,6.307,6.88104,Clear,0,1325.133,87.851,1
2021-12-13,01:22:28.697000,6.258,6.83229,Clear,0,1325.166,87.854,1
2021-12-13,01:22:28.797000,6.351,6.92507,Clear,0,1325.199,87.856,1
2021-12-13,01:22:28.896000,6.258,6.83227,Clear,0,1325.232,87.859,1
2021-12-13,01:22:28.996000,6.125,6.69879,Clear,0,1325.266,87.862,1
2021-12-13,01:22:29.096000,6.282,6.85565,Clear,0,1325.3,87.865,1
2021-12-13,01:22:29.196000,6.294,6.86892,Clear,0,1325.335,87.868,1
2021-12-13,01:22:29.296000,6.269,6.84371,Clear,0,1325.37,87.871,1
2021-12-13,01:22:29.396000,6.28,6.85492,Clear,0,1325.405,87.873,1
2021-12-13,01:22:29.496000,6.183,6.75802,Clear,0,1325.44,87.876,1
2021-12-13,01:22:29.596000,6.213,6.78756,Clear,0,1325.476,87.879,1
2021-12-13,01:22:29.696000,6.23,6.80543,Clear,0,1325.512,87.882,1
2021-12-13,01:22:29.796000,6.305,6.87992,Clear,0,1325.549,87.885,1
2021-12-13,01:22:29.896000,6.278,6.853,Clear,0,1325.586,87.888,1
2021-12-13,01:22:29.996000,6.254,6.82895,Clear,0,1325.623,87.89,1
2021-12-13,01:22:30.096000,6.277,6.85281,Clear,0,1325.661,87.893,1
2021-12-13,01:22:30.196000,6.249,6.82467,Clear,0,1325.698,87.896,1
2021-12-13,01:22:30.296000,6.151,6.72682,Clear,0,1325.737,87.899,1
2021-12-13,01:22:30.396000,6.207,6.78327,Clear,0,1325.775,87.902,1
2021-12-13,01:22:30.496000,6.242,6.81837,Clear,0,1325.814,87.905,1
2021-12-13,01:22:30.596000,6.282,6.85785,Clear,0,1325.853,87.908,1
2021-12-13,01:22:30.696000,6.168,6.74363,Clear,0,1325.893,87.91,1
2021-12-13,01:22:30.796000,6.215,6.79058,Clear,0,1325.933,87.913,1
2021-12-13,01:22:30.896000,6.239,6.81501,Clear,0,1325.973,87.916,1
2021-12-13,01:22:30.996000,6.198,6.77465,Clear,0,1326.013,87.919,1
2021-12-13,01:22:31.096000,6.184,6.76071,Clear,0,1326.054,87.922,1
2021-12-13,01:22:31.196000,6.137,6.71412,Clear,0,1326.095,87.925,1
2021-12-13,01:22:31.296000,6.12,6.69713,Clear,0,1326.137,87.928,1
2021-12-13,01:22:31.396000,6.204,6.78061,Clear,0,1326.179,87.931,1
2021-12-13,01:22:31.496000,6.233,6.81008,Clear,0,1326.221,87.933,1
2021-12-13,01:22:31.596000,6.216,6.79317,Clear,0,1326.263,87.936,1
2021-12-13,01:22:31.696000,6.096,6.67317,Clear,0,1326.306,87.939,1
2021-12-13,01:22:31.796000,6.108,6.68626,Clear,0,1326.349,87.942,1
2021-12-13,01:22:31.896000,6.198,6.77584,Clear,0,1326.393,87.945,1
2021-12-13,01:22:31.996000,6.064,6.64232,Clear,0,1326.437,87.948,1
2021-12-13,01:22:32.096000,6.173,6.75093,Clear,0,1326.481,87.951,1
2021-12-13,01:22:32.196000,6.178,6.75602,Clear,0,1326.525,87.954,1
2021-12-13,01:22:32.296000,6.149,6.72707,Clear,0,1326.57,87.957,1
2021-12-13,01:22:32.396000,6.014,6.59195,Clear,0,1326.615,87.959,1
2021-12-13,01:22:32.496000,6.13,6.70771,Clear,0,1326.661,87.962,1
2021-12-13,01:22:32.596000,6.131,6.70987,Clear,0,1326.707,87.965,1
2021-12-13,01:22:32.696000,6.137,6.71557,Clear,0,1326.753,87.968,1
2021-12-13,01:22:32.796000,6.117,6.69626,Clear,0,1326.799,87.971,1
2021-12-13,01:22:32.896000,6.172,6.7506,Clear,0,1326.846,87.974,1
2021-12-13,01:22:32.996000,6.101,6.68039,Clear,0,1326.893,87.977,1
2021-12-13,01:22:33.096000,6.066,6.64526,Clear,0,1326.941,87.98,1
2021-12-13,01:22:33.196000,6.109,6.68783,Clear,0,1326.988,87.983,1
2021-12-13,01:22:33.296000,6.024,6.60344,Clear,0,1327.036,87.986,1
2021-12-13,01:22:33.396000,6.138,6.71799,Clear,0,1327.085,87.988,1
2021-12-13,01:22:33.496000,6.131,6.71107,Clear,0,1327.134,87.991,1
2021-12-13,01:22:33.596000,6.109,6.68916,Clear,0,1327.183,87.994,1
2021-12-13,01:22:33.696000,6.109,6.68908,Clear,0,1327.232,87.997,1
2021-12-13,01:22:33.796000,6.081,6.66131,Clear,0,1327.282,88.0,1
2021-12-13,01:22:33.896000,6.016,6.59569,Clear,0,1327.332,88.003,1
2021-12-13,01:22:33.996000,6.077,6.65703,Clear,0,1327.383,88.006,1
2021-12-13,01:22:34.096000,5.993,6.57378,Clear,0,1327.433,88.009,1
2021-12-13,01:22:34.196000,6.049,6.62968,Clear,0,1327.484,88.012,1
2021-12-13,01:22:34.296000,6.156,6.73688,Clear,0,1327.536,88.015,1
2021-12-13,01:22:34.396000,6.136,6.71646,Clear,0,1327.588,88.018,1
2021-12-13,01:22:34.496000,6.072,6.65276,Clear,0,1327.64,88.021,1
2021-12-13,01:22:34.596000,6.069,6.65026,Clear,0,1327.692,88.024,1
2021-12-13,01:22:34.696000,6.142,6.72317,Clear,0,1327.745,88.026,1
2021-12-13,01:22:34.796000,6.104,6.68555,Clear,0,1327.798,88.029,1
2021-12-13,01:22:34.896000,6.072,6.65443,Clear,0,1327.851,88.032,1
2021-12-13,01:22:34.996000,6.086,6.66761,Clear,0,1327.905,88.035,1
2021-12-13,01:22:35.096000,6.026,6.60773,Clear,0,1327.959,88.038,1
2021-12-13,01:22:35.196000,6.086,6.66753,Clear,0,1328.014,88.041,1
2021-12-13,01:22:35.296000,6.118,6.69982,Clear,0,1328.068,88.044,1
2021-12-13,01:22:35.396000,6.018,6.60017,Clear,0,1328.123,88.047,1
2021-12-13,01:22:35.496000,5.987,6.57039,Clear,0,1328.179,88.05,1
2021-12-13,01:22:35.596000,5.998,6.58129,Clear,0,1328.234,88.053,1
2021-12-13,01:22:35.696000,6.067,6.64988,Clear,0,1328.29,88.056,1
2021-12-13,01:22:35.796000,5.987,6.57025,Clear,0,1328.347,88.059,1
2021-12-13,01:22:35.896000,6.082,6.6653,Clear,0,1328.404,88.062,1
2021-12-13,01:22:35.996000,6.029,6.61189,Clear,0,1328.461,88.065,1
2021-12-13,01:22:36.096000,6.114,6.69705,Clear,0,1328.518,88.068,1
2021-12-13,01:22:36.196000,6.051,6.63497,Clear,0,1328.576,88.071,1
2021-12-13,01:22:36.296000,6.177,6.76062,Clear,0,1328.634,88.074,1
2021-12-13,01:22:36.396000,6.023,6.60744,Clear,0,1328.692,88.077,1
2021-12-13,01:22:36.496000,6.037,6.62049,Clear,0,1328.751,88.08,1
2021-12-13,01:22:36.596000,6.066,6.65003,Clear,0,1328.81,88.083,1
2021-12-13,01:22:36.696000,5.968,6.55216,Clear,0,1328.869,88.086,1
2021-12-13,01:22:36.796000,6.006,6.59023,Clear,0,1328.929,88.088,1
2021-12-13,01:22:36.896000,5.993,6.5781,Clear,0,1328.989,88.091,1
2021-12-13,01:22:36.996000,6.022,6.60693,Clear,0,1329.049,88.094,1
2021-12-13,01:22:37.096000,5.984,6.56933,Clear,0,1329.11,88.097,1
2021-12-13,01:22:37.196000,5.911,6.49626,Clear,0,1329.171,88.1,1
2021-12-13,01:22:37.296000,6.026,6.61109,Clear,0,1329.232,88.103,1
2021-12-13,01:22:37.396000,5.962,6.54732,Clear,0,1329.294,88.106,1
2021-12-13,01:22:37.496000,5.944,6.5296,Clear,0,1329.356,88.109,1
2021-12-13,01:22:37.596000,5.863,6.44851,Clear,0,1329.418,88.112,1
2021-12-13,01:22:37.696000,5.972,6.55785,Clear,0,1329.48,88.115,1
2021-12-13,01:22:37.796000,5.869,6.45476,Clear,0,1329.543,88.118,1
2021-12-13,01:22:37.896000,5.838,6.42361,Clear,0,1329.607,88.121,1
2021-12-13,01:22:37.996000,6.018,6.60438,Clear,0,1329.67,88.124,1
2021-12-13,01:22:38.096000,5.865,6.45141,Clear,0,1329.734,88.127,1
2021-12-13,01:22:38.196000,5.898,6.48533,Clear,0,1329.799,88.13,1
2021-12-13,01:22:38.296000,5.903,6.4901,Clear,0,1329.863,88.133,1
2021-12-13,01:22:38.396000,5.84,6.42675,Clear,0,1329.928,88.136,1
2021-12-13,01:22:38.496000,5.802,6.38902,Clear,0,1329.993,88.139,1
2021-12-13,01:22:38.596000,5.879,6.46557,Clear,0,1330.059,88.142,1
2021-12-13,01:22:38.696000,5.822,6.40943,Clear,0,1330.125,88.145,1
2021-12-13,01:22:38.796000,5.85,6.43798,Clear,0,1330.191,88.148,1
2021-12-13,01:22:38.896000,5.843,6.43045,Clear,0,1330.258,88.151,1
2021-12-13,01:22:38.996000,5.85,6.4383,Clear,0,1330.325,88.154,1
2021-12-13,01:22:39.096000,5.754,6.34155,Clear,0,1330.392,88.157,1
2021-12-13,01:22:39.196000,5.83,6.41842,Clear,0,1330.459,88.16,1
2021-12-13,01:22:39.296000,5.748,6.33579,Clear,0,1330.527,88.163,1
2021-12-13,01:22:39.396000,5.805,6.39378,Clear,0,1330.595,88.166,1
2021-12-13,01:22:39.496000,5.891,6.48009,Clear,0,1330.664,88.169,1
2021-12-13,01:22:39.596000,5.818,6.40718,Clear,0,1330.733,88.172,1
2021-12-13,01:22:39.696000,5.791,6.38025,Clear,0,1330.802,88.175,1
2021-12-13,01:22:39.796000,5.795,6.38441,Clear,0,1330.871,88.178,1
2021-12-13,01:22:39.896000,5.793,6.38197,Clear,0,1330.941,88.181,1
2021-12-13,01:22:39.996000,5.848,6.43755,Clear,0,1331.011,88.184,1
2021-12-13,01:22:40.096000,5.932,6.5218,Clear,0,1331.082,88.187,1
2021-12-13,01:22:40.196000,5.846,6.43617,Clear,0,1331.153,88.19,1
2021-12-13,01:22:40.296000,5.832,6.42173,Clear,0,1331.224,88.193,1
2021-12-13,01:22:40.396000,5.877,6.46711,Clear,0,1331.295,88.197,1
2021-12-13,01:22:40.496000,5.815,6.40488,Clear,0,1331.367,88.2,1
2021-12-13,01:22:40.596000,5.835,6.42574,Clear,0,1331.439,88.203,1
2021-12-13,01:22:40.696000,5.937,6.52809,Clear,0,1331.512,88.206,1
2021-12-13,01:22:40.796000,5.851,6.44149,Clear,0,1331.585,88.209,1
2021-12-13,01:22:40.896000,5.855,6.44639,Clear,0,1331.658,88.212,1
2021-12-13,01:22:40.996000,5.881,6.47194,Clear,0,1331.731,88.215,1
2021-12-13,01:22:41.096000,5.92,6.51239,Clear,0,1331.805,88.218,1
2021-12-13,01:22:41.196000,5.928,6.52018,Clear,0,1331.879,88.221,1
2021-12-13,01:22:41.296000,5.891,6.48249,Clear,0,1331.954,88.224,1
2021-12-13,01:22:41.396000,5.954,6.54603,Clear,0,1332.028,88.227,1
2021-12-13,01:22:41.496000,6.0,6.59228,Clear,0,1332.103,88.23,1
2021-12-13,01:22:41.596000,5.903,6.495,Clear,0,1332.179,88.233,1
2021-12-13,01:22:41.696000,5.955,6.54782,Clear,0,1332.254,88.236,1
2021-12-13,01:22:41.796000,5.953,6.54596,Clear,0,1332.331,88.239,1
2021-12-13,01:22:41.896000,5.984,6.57669,Clear,0,1332.407,88.242,1
2021-12-13,01:22:41.996000,5.998,6.59134,Clear,0,1332.484,88.245,1
2021-12-13,01:22:42.096000,5.917,6.50978,Clear,0,1332.561,88.248,1
2021-12-13,01:22:42.196000,6.0,6.59321,Clear,0,1332.638,88.251,1
2021-12-13,01:22:42.296000,6.006,6.60023,Clear,0,1332.716,88.254,1
2021-12-13,01:22:42.396000,5.888,6.48191,Clear,0,1332.794,88.257,1
2021-12-13,01:22:42.496000,5.96,6.55365,Clear,0,1332.872,88.26,1
2021-12-13,01:22:42.596000,6.081,6.67516,Clear,0,1332.951,88.264,1
2021-12-13,01:22:42.696000,5.967,6.56055,Clear,0,1333.03,88.267,1
2021-12-13,01:22:42.796000,5.98,6.57499,Clear,0,1333.109,88.27,1
2021-12-13,01:22:42.896000,6.011,6.60612,Clear,0,1333.189,88.273,1
2021-12-13,01:22:42.996000,6.019,6.61359,Clear,0,1333.269,88.276,1
2021-12-13,01:22:43.096000,5.897,6.49165,Clear,0,1333.349,88.279,1
2021-12-13,01:22:43.196000,6.015,6.6097,Clear,0,1333.43,88.282,1
2021-12-13,01:22:43.296000,6.017,6.61249,Clear,0,1333.511,88.285,1
2021-12-13,01:22:43.396000,6.009,6.60517,Clear,0,1333.592,88.288,1
2021-12-13,01:22:43.496000,5.989,6.58481,Clear,0,1333.673,88.291,1
2021-12-13,01:22:43.596000,6.043,6.639,Clear,0,1333.755,88.294,1
2021-12-13,01:22:43.696000,6.01,6.60561,Clear,0,1333.838,88.297,1
2021-12-13,01:22:43.796000,6.058,6.65392,Clear,0,1333.92,88.3,1
2021-12-13,01:22:43.896000,6.048,6.64488,Clear,0,1334.003,88.303,1
2021-12-13,01:22:43.996000,5.968,6.5649,Clear,0,1334.086,88.307,1
2021-12-13,01:22:44.096000,6.007,6.60415,Clear,0,1334.17,88.31,1
2021-12-13,01:22:44.196000,6.047,6.64428,Clear,0,1334.254,88.313,1
2021-12-13,01:22:44.296000,6.015,6.61197,Clear,0,1334.338,88.316,1
2021-12-13,01:22:44.396000,6.041,6.63885,Clear,0,1334.423,88.319,1
2021-12-13,01:22:44.496000,6.098,6.69548,Clear,0,1334.507,88.322,1
2021-12-13,01:22:44.596000,6.087,6.68524,Clear,0,1334.593,88.325,1
2021-12-13,01:22:44.696000,6.001,6.59943,Clear,0,1334.678,88.328,1
2021-12-13,01:22:44.796000,6.086,6.68414,Clear,0,1334.764,88.331,1
2021-12-13,01:22:44.896000,6.154,6.75248,Clear,0,1334.85,88.334,1
2021-12-13,01:22:44.996000,6.077,6.67633,Clear,0,1334.937,88.337,1
2021-12-13,01:22:45.096000,6.059,6.65812,Clear,0,1335.023,88.341,1
2021-12-13,01:22:45.196000,6.091,6.68988,Clear,0,1335.11,88.344,1
2021-12-13,01:22:45.296000,6.188,6.78656,Clear,0,1335.198,88.347,1
2021-12-13,01:22:45.396000,6.046,6.64632,Clear,0,1335.286,88.35,1
2021-12-13,01:22:45.496000,6.063,6.66287,Clear,0,1335.374,88.353,1
2021-12-13,01:22:45.596000,6.168,6.76769,Clear,0,1335.462,88.356,1
2021-12-13,01:22:45.696000,6.139,6.73887,Clear,0,1335.551,88.359,1
2021-12-13,01:22:45.796000,6.081,6.68054,Clear,0,1335.64,88.362,1
2021-12-13,01:22:45.896000,6.208,6.8091,Clear,0,1335.729,88.365,1
2021-12-13,01:22:45.996000,6.198,6.79939,Clear,0,1335.819,88.369,1
2021-12-13,01:22:46.096000,6.135,6.73616,Clear,0,1335.909,88.372,1
2021-12-13,01:22:46.196000,6.174,6.77525,Clear,0,1336.0,88.375,1
2021-12-13,01:22:46.296000,6.054,6.65544,Clear,0,1336.09,88.378,1
2021-12-13,01:22:46.396000,6.156,6.758,Clear,0,1336.181,88.381,1
2021-12-13,01:22:46.496000,6.085,6.68728,Clear,0,1336.273,88.384,1
2021-12-13,01:22:46.596000,6.151,6.75289,Clear,0,1336.364,88.387,1
2021-12-13,01:22:46.696000,6.254,6.85555,Clear,0,1336.456,88.39,1
2021-12-13,01:22:46.796000,6.177,6.77935,Clear,0,1336.549,88.394,1
2021-12-13,01:22:46.896000,6.126,6.72862,Clear,0,1336.641,88.397,1
2021-12-13,01:22:46.996000,6.231,6.83365,Clear,0,1336.734,88.4,1
2021-12-13,01:22:47.096000,6.207,6.81025,Clear,0,1336.827,88.403,1
2021-12-13,01:22:47.196000,6.278,6.88128,Clear,0,1336.921,88.406,1
2021-12-13,01:22:47.296000,6.213,6.81714,Clear,0,1337.015,88.409,1
2021-12-13,01:22:47.396000,6.213,6.81687,Clear,0,1337.109,88.412,1
2021-12-13,01:22:47.496000,6.279,6.8825,Clear,0,1337.204,88.415,1
2021-12-13,01:22:47.596000,6.192,6.79547,Clear,0,1337.299,88.419,1
2021-12-13,01:22:47.696000,6.167,6.77117,Clear,0,1337.394,88.422,1
2021-12-13,01:22:47.796000,6.251,6.85619,Clear,0,1337.489,88.425,1
2021-12-13,01:22:47.896000,6.209,6.81378,Clear,0,1337.585,88.428,1
2021-12-13,01:22:47.996000,6.246,6.85106,Clear,0,1337.682,88.431,1
2021-12-13,01:22:48.096000,6.187,6.79174,Clear,0,1337.778,88.434,1
2021-12-13,01:22:48.196000,6.23,6.83491,Clear,0,1337.875,88.437,1
2021-12-13,01:22:48.296000,6.197,6.80314,Clear,0,1337.972,88.441,1
2021-12-13,01:22:48.396000,6.314,6.92012,Clear,0,1338.07,88.444,1
2021-12-13,01:22:48.496000,6.165,6.771,Clear,0,1338.167,88.447,1
2021-12-13,01:22:48.596000,6.037,6.64287,Clear,0,1338.265,88.45,1
2021-12-13,01:22:48.696000,6.16,6.76735,Clear,0,1338.364,88.453,1
2021-12-13,01:22:48.796000,6.224,6.83071,Clear,0,1338.463,88.456,1
2021-12-13,01:22:48.896000,6.187,6.79404,Clear,0,1338.562,88.459,1
2021-12-13,01:22:48.996000,6.202,6.80927,Clear,0,1338.661,88.463,1
2021-12-13,01:22:48.997000,6.241,6.84746,Clear,0,1338.662,88.463,4
2021-12-13,01:22:49.096000,6.211,6.81838,Clear,0,1338.761,88.466,1
2021-12-13,01:22:49.097000,6.258,6.86467,Clear,0,1338.762,88.466,4
2021-12-13,01:22:49.196000,6.264,6.87155,Clear,0,1338.861,88.469,1
2021-12-13,01:22:49.197000,6.229,6.8369,Clear,0,1338.862,88.469,4
2021-12-13,01:22:49.296000,6.203,6.81059,Clear,0,1338.961,88.472,1
2021-12-13,01:22:49.297000,6.318,6.92602,Clear,0,1338.962,88.472,4
2021-12-13,01:22:49.396000,6.246,6.85396,Clear,0,1339.062,88.475,1
2021-12-13,01:22:49.397000,6.264,6.87187,Clear,0,1339.063,88.475,4
2021-12-13,01:22:49.496000,6.239,6.84692,Clear,0,1339.163,88.478,1
2021-12-13,01:22:49.497000,6.278,6.88545,Clear,0,1339.164,88.478,4
2021-12-13,01:22:49.596000,6.179,6.78755,Clear,0,1339.264,88.482,1
2021-12-13,01:22:49.597000,6.317,6.92602,Clear,0,1339.265,88.482,4
2021-12-13,01:22:49.696000,6.287,6.8958,Clear,0,1339.366,88.485,1
2021-12-13,01:22:49.697000,6.318,6.92686,Clear,0,1339.367,88.485,4
2021-12-13,01:22:49.796000,6.167,6.77603,Clear,0,1339.468,88.488,1
2021-12-13,01:22:49.797000,6.226,6.83469,Clear,0,1339.469,88.488,4
2021-12-13,01:22:49.896000,6.283,6.89208,Clear,0,1339.57,88.491,1
2021-12-13,01:22:49.897000,6.252,6.86134,Clear,0,1339.571,88.491,4
2021-12-13,01:22:49.996000,6.307,6.91592,Clear,0,1339.673,88.494,1
2021-12-13,01:22:49.997000,6.246,6.85533,Clear,0,1339.674,88.494,4
2021-12-13,01:22:50.097000,6.32,6.92965,Clear,0,1339.777,88.497,4
2021-12-13,01:22:50.196000,6.167,6.77655,Clear,0,1339.879,88.501,1
2021-12-13,01:22:50.197000,6.368,6.97844,Clear,0,1339.88,88.501,4
2021-12-13,01:22:50.296000,6.228,6.83747,Clear,0,1339.983,88.504,1
2021-12-13,01:22:50.297000,6.201,6.81067,Clear,0,1339.984,88.504,4
2021-12-13,01:22:50.396000,6.188,6.79752,Clear,0,1340.087,88.507,1
2021-12-13,01:22:50.397000,6.245,6.85472,Clear,0,1340.088,88.507,4
2021-12-13,01:22:50.496000,6.139,6.74961,Clear,0,1340.191,88.51,1
2021-12-13,01:22:50.497000,6.26,6.87126,Clear,0,1340.192,88.51,4
2021-12-13,01:22:50.596000,6.177,6.78815,Clear,0,1340.295,88.513,1
2021-12-13,01:22:50.597000,6.271,6.88162,Clear,0,1340.297,88.513,4
2021-12-13,01:22:50.696000,6.141,6.75153,Clear,0,1340.4,88.516,1
2021-12-13,01:22:50.697000,6.272,6.8826,Clear,0,1340.401,88.516,4
2021-12-13,01:22:50.797000,6.24,6.85083,Clear,0,1340.507,88.52,4
2021-12-13,01:22:50.897000,6.242,6.85264,Clear,0,1340.612,88.523,4
2021-12-13,01:22:50.997000,6.188,6.80021,Clear,0,1340.718,88.526,4
2021-12-13,01:22:51.097000,6.189,6.80071,Clear,0,1340.824,88.529,4
2021-12-13,01:22:51.197000,6.219,6.83077,Clear,0,1340.931,88.532,4
2021-12-13,01:22:51.297000,6.272,6.8842,Clear,0,1341.037,88.536,4
2021-12-13,01:22:51.397000,6.253,6.86589,Clear,0,1341.145,88.539,4
2021-12-13,01:22:51.497000,6.236,6.84918,Clear,0,1341.252,88.542,4
2021-12-13,01:22:51.597000,6.285,6.89748,Clear,0,1341.36,88.545,4
2021-12-13,01:22:51.697000,6.222,6.83452,Clear,0,1341.468,88.548,4
2021-12-13,01:22:51.797000,6.134,6.74745,Clear,0,1341.576,88.551,4
2021-12-13,01:22:51.897000,6.217,6.83128,Clear,0,1341.685,88.555,4
2021-12-13,01:22:51.997000,6.153,6.76672,Clear,0,1341.794,88.558,4
2021-12-13,01:22:52.097000,6.268,6.88197,Clear,0,1341.903,88.561,4
2021-12-13,01:22:52.197000,6.208,6.82223,Clear,0,1342.013,88.564,4
2021-12-13,01:22:52.297000,6.167,6.78188,Clear,0,1342.123,88.567,4
2021-12-13,01:22:52.397000,6.258,6.87258,Clear,0,1342.233,88.571,4
2021-12-13,01:22:52.497000,6.17,6.78505,Clear,0,1342.344,88.574,4
2021-12-13,01:22:52.597000,6.26,6.87452,Clear,0,1342.455,88.577,4
2021-12-13,01:22:52.697000,6.253,6.86932,Clear,0,1342.566,88.58,4
2021-12-13,01:22:52.797000,6.176,6.79207,Clear,0,1342.678,88.583,4
2021-12-13,01:22:52.897000,6.177,6.79273,Clear,0,1342.79,88.587,4
2021-12-13,01:22:52.997000,6.243,6.85846,Clear,0,1342.902,88.59,4
2021-12-13,01:22:53.097000,6.204,6.8213,Clear,0,1343.014,88.593,4
2021-12-13,01:22:53.197000,6.194,6.81075,Clear,0,1343.127,88.596,4
2021-12-13,01:22:53.297000,6.196,6.81267,Clear,0,1343.241,88.599,4
2021-12-13,01:22:53.397000,6.265,6.88206,Clear,0,1343.354,88.603,4
2021-12-13,01:22:53.497000,6.216,6.83366,Clear,0,1343.468,88.606,4
2021-12-13,01:22:53.597000,6.341,6.95848,Clear,0,1343.582,88.609,4
2021-12-13,01:22:53.697000,6.305,6.92269,Clear,0,1343.696,88.612,4
2021-12-13,01:22:53.797000,6.3,6.91799,Clear,0,1343.811,88.616,4
2021-12-13,01:22:53.897000,6.296,6.91532,Clear,0,1343.926,88.619,4
2021-12-13,01:22:53.997000,6.379,6.99747,Clear,0,1344.042,88.622,4
2021-12-13,01:22:54.097000,6.275,6.89442,Clear,0,1344.157,88.625,4
2021-12-13,01:22:54.197000,6.261,6.88011,Clear,0,1344.274,88.628,4
2021-12-13,01:22:54.297000,6.361,6.98087,Clear,0,1344.39,88.632,4
2021-12-13,01:22:54.397000,6.32,6.93945,Clear,0,1344.507,88.635,4
2021-12-13,01:22:54.497000,6.355,6.97475,Clear,0,1344.624,88.638,4
2021-12-13,01:22:54.597000,6.244,6.86379,Clear,0,1344.741,88.641,4
2021-12-13,01:22:54.697000,6.326,6.94699,Clear,0,1344.859,88.645,4
2021-12-13,01:22:54.797000,6.364,6.98468,Clear,0,1344.977,88.648,4
2021-12-13,01:22:54.897000,6.332,6.95286,Clear,0,1345.095,88.651,4
2021-12-13,01:22:54.997000,6.286,6.90728,Clear,0,1345.213,88.654,4
2021-12-13,01:22:55.097000,6.299,6.92066,Clear,0,1345.332,88.657,4
2021-12-13,01:22:55.197000,6.334,6.95591,Clear,0,1345.452,88.661,4
2021-12-13,01:22:55.297000,6.424,7.04545,Clear,0,1345.571,88.664,4
2021-12-13,01:22:55.397000,6.342,6.96365,Clear,0,1345.691,88.667,4
2021-12-13,01:22:55.497000,6.4,7.02342,Clear,0,1345.811,88.67,4
2021-12-13,01:22:55.597000,6.492,7.11499,Clear,0,1345.932,88.674,4
2021-12-13,01:22:55.697000,6.403,7.02616,Clear,0,1346.052,88.677,4
2021-12-13,01:22:55.797000,6.476,7.09922,Clear,0,1346.174,88.68,4
2021-12-13,01:22:55.897000,6.458,7.08217,Clear,0,1346.295,88.683,4
2021-12-13,01:22:55.997000,6.237,6.86117,Clear,0,1346.417,88.687,4
2021-12-13,01:22:56.097000,6.335,6.95934,Clear,0,1346.539,88.69,4
2021-12-13,01:22:56.197000,6.325,6.9486,Clear,0,1346.661,88.693,4
2021-12-13,01:22:56.297000,6.447,7.07237,Clear,0,1346.784,88.696,4
2021-12-13,01:22:56.397000,6.405,7.03034,Clear,0,1346.907,88.7,4
2021-12-13,01:22:56.497000,6.308,6.93281,Clear,0,1347.03,88.703,4
2021-12-13,01:22:56.597000,6.424,7.04887,Clear,0,1347.154,88.706,4
2021-12-13,01:22:56.697000,6.342,6.96779,Clear,0,1347.278,88.709,4
2021-12-13,01:22:56.797000,6.476,7.10172,Clear,0,1347.402,88.713,4
2021-12-13,01:22:56.897000,6.386,7.01162,Clear,0,1347.527,88.716,4
2021-12-13,01:22:56.997000,6.43,7.05574,Clear,0,1347.652,88.719,4
2021-12-13,01:22:57.097000,6.309,6.93608,Clear,0,1347.777,88.722,4
2021-12-13,01:22:57.197000,6.369,6.99589,Clear,0,1347.903,88.726,4
2021-12-13,01:22:57.297000,6.452,7.07886,Clear,0,1348.028,88.729,4
2021-12-13,01:22:57.397000,6.436,7.06423,Clear,0,1348.155,88.732,4
2021-12-13,01:22:57.497000,6.453,7.08142,Clear,0,1348.281,88.735,4
2021-12-13,01:22:57.597000,6.44,7.06835,Clear,0,1348.408,88.739,4
2021-12-13,01:22:57.697000,6.506,7.13435,Clear,0,1348.535,88.742,4
2021-12-13,01:22:57.797000,6.452,7.08131,Clear,0,1348.662,88.745,4
2021-12-13,01:22:57.897000,6.383,7.01216,Clear,0,1348.79,88.748,4
2021-12-13,01:22:57.997000,6.395,7.02374,Clear,0,1348.918,88.752,4
2021-12-13,01:22:58.097000,6.541,7.17001,Clear,0,1349.047,88.755,4
2021-12-13,01:22:58.197000,6.454,7.08356,Clear,0,1349.175,88.758,4
2021-12-13,01:22:58.297000,6.487,7.11701,Clear,0,1349.304,88.761,4
2021-12-13,01:22:58.397000,6.462,7.09182,Clear,0,1349.434,88.765,4
2021-12-13,01:22:58.497000,6.465,7.09506,Clear,0,1349.563,88.768,4
2021-12-13,01:22:58.597000,6.525,7.15586,Clear,0,1349.693,88.771,4
2021-12-13,01:22:58.697000,6.61,7.24046,Clear,0,1349.824,88.775,4
2021-12-13,01:22:58.797000,6.477,7.10778,Clear,0,1349.954,88.778,4
2021-12-13,01:22:58.897000,6.403,7.03524,Clear,0,1350.085,88.781,4
2021-12-13,01:22:58.997000,6.394,7.02567,Clear,0,1350.216,88.784,4
2021-12-13,01:22:59.097000,6.47,7.10157,Clear,0,1350.348,88.788,4
2021-12-13,01:22:59.197000,6.497,7.12899,Clear,0,1350.48,88.791,4
2021-12-13,01:22:59.297000,6.506,7.13929,Clear,0,1350.612,88.794,4
2021-12-13,01:22:59.397000,6.526,7.15849,Clear,0,1350.744,88.797,4
2021-12-13,01:22:59.497000,6.55,7.18317,Clear,0,1350.877,88.801,4
2021-12-13,01:22:59.597000,6.632,7.26508,Clear,0,1351.01,88.804,4
2021-12-13,01:22:59.697000,6.529,7.16285,Clear,0,1351.144,88.807,4
2021-12-13,01:22:59.797000,6.481,7.11524,Clear,0,1351.277,88.811,4
2021-12-13,01:22:59.897000,6.644,7.27818,Clear,0,1351.411,88.814,4
2021-12-13,01:22:59.997000,6.525,7.16021,Clear,0,1351.546,88.817,4
2021-12-13,01:23:00.097000,6.529,7.16435,Clear,0,1351.68,88.82,4
2021-12-13,01:23:00.197000,6.58,7.21481,Clear,0,1351.815,88.824,4
2021-12-13,01:23:00.297000,6.527,7.16239,Clear,0,1351.951,88.827,4
2021-12-13,01:23:00.397000,6.555,7.19059,Clear,0,1352.086,88.83,4
2021-12-13,01:23:00.497000,6.545,7.1806,Clear,0,1352.222,88.834,4
2021-12-13,01:23:00.597000,6.579,7.21469,Clear,0,1352.358,88.837,4
2021-12-13,01:23:00.697000,6.574,7.21012,Clear,0,1352.495,88.84,4
2021-12-13,01:23:00.797000,6.527,7.16423,Clear,0,1352.632,88.843,4
2021-12-13,01:23:00.897000,6.471,7.10778,Clear,0,1352.769,88.847,4
2021-12-13,01:23:00.997000,6.598,7.23516,Clear,0,1352.906,88.85,4
2021-12-13,01:23:01.097000,6.594,7.23172,Clear,0,1353.044,88.853,4
2021-12-13,01:23:01.197000,6.56,7.1984,Clear,0,1353.182,88.857,4
2021-12-13,01:23:01.297000,6.606,7.24368,Clear,0,1353.321,88.86,4
2021-12-13,01:23:01.397000,6.55,7.18776,Clear,0,1353.459,88.863,4
2021-12-13,01:23:01.497000,6.444,7.08324,Clear,0,1353.598,88.867,4
2021-12-13,01:23:01.597000,6.529,7.16746,Clear,0,1353.738,88.87,4
2021-12-13,01:23:01.697000,6.721,7.36041,Clear,0,1353.877,88.873,4
2021-12-13,01:23:01.797000,6.629,7.26926,Clear,0,1354.017,88.876,4
2021-12-13,01:23:01.897000,6.733,7.37277,Clear,0,1354.158,88.88,4
2021-12-13,01:23:01.997000,6.605,7.24492,Clear,0,1354.298,88.883,4
2021-12-13,01:23:02.097000,6.736,7.37584,Clear,0,1354.439,88.886,4
2021-12-13,01:23:02.197000,6.668,7.30867,Clear,0,1354.58,88.89,4
2021-12-13,01:23:02.297000,6.701,7.34167,Clear,0,1354.722,88.893,4
2021-12-13,01:23:02.397000,6.68,7.32124,Clear,0,1354.864,88.896,4
2021-12-13,01:23:02.497000,6.574,7.21626,Clear,0,1355.006,88.9,4
2021-12-13,01:23:02.597000,6.729,7.37109,Clear,0,1355.148,88.903,4
2021-12-13,01:23:02.697000,6.706,7.34834,Clear,0,1355.291,88.906,4
2021-12-13,01:23:02.797000,6.634,7.27613,Clear,0,1355.434,88.91,4
2021-12-13,01:23:02.897000,6.679,7.32164,Clear,0,1355.577,88.913,4
2021-12-13,01:23:02.997000,6.631,7.27422,Clear,0,1355.721,88.916,4
2021-12-13,01:23:03.097000,6.687,7.32953,Clear,0,1355.865,88.92,4
2021-12-13,01:23:03.197000,6.739,7.38329,Clear,0,1356.009,88.923,4
2021-12-13,01:23:03.297000,6.64,7.28395,Clear,0,1356.154,88.926,4
2021-12-13,01:23:03.397000,6.638,7.28241,Clear,0,1356.299,88.929,4
2021-12-13,01:23:03.497000,6.743,7.38809,Clear,0,1356.444,88.933,4
2021-12-13,01:23:03.597000,6.672,7.31673,Clear,0,1356.59,88.936,4
2021-12-13,01:23:03.697000,6.761,7.40608,Clear,0,1356.736,88.939,4
2021-12-13,01:23:03.797000,6.74,7.3847,Clear,0,1356.882,88.943,4
2021-12-13,01:23:03.897000,6.727,7.37249,Clear,0,1357.028,88.946,4
2021-12-13,01:23:03.997000,6.825,7.47087,Clear,0,1357.175,88.949,4
2021-12-13,01:23:04.097000,6.955,7.60107,Clear,0,1357.322,88.953,4
2021-12-13,01:23:04.197000,6.725,7.37207,Clear,0,1357.469,88.956,4
2021-12-13,01:23:04.297000,6.713,7.35972,Clear,0,1357.617,88.959,4
2021-12-13,01:23:04.397000,6.704,7.35093,Clear,0,1357.765,88.963,4
2021-12-13,01:23:04.497000,6.694,7.34221,Clear,0,1357.913,88.966,4
2021-12-13,01:23:04.597000,6.822,7.47026,Clear,0,1358.062,88.969,4
2021-12-13,01:23:04.697000,6.679,7.32738,Clear,0,1358.211,88.973,4
2021-12-13,01:23:04.797000,6.686,7.33437,Clear,0,1358.36,88.976,4
2021-12-13,01:23:04.897000,6.645,7.29429,Clear,0,1358.51,88.979,4
2021-12-13,01:23:04.997000,6.641,7.2895,Clear,0,1358.66,88.983,4
2021-12-13,01:23:05.097000,6.728,7.37654,Clear,0,1358.81,88.986,4
2021-12-13,01:23:05.197000,6.762,7.41156,Clear,0,1358.96,88.989,4
2021-12-13,01:23:05.297000,6.726,7.3764,Clear,0,1359.111,88.993,4
2021-12-13,01:23:05.397000,6.78,7.43024,Clear,0,1359.262,88.996,4
2021-12-13,01:23:05.497000,6.793,7.44386,Clear,0,1359.414,88.999,4
2021-12-13,01:23:05.597000,6.812,7.46311,Clear,0,1359.565,89.003,4
2021-12-13,01:23:05.697000,6.914,7.56532,Clear,0,1359.717,89.006,4
2021-12-13,01:23:05.797000,6.771,7.42173,Clear,0,1359.87,89.009,4
2021-12-13,01:23:05.897000,6.619,7.27104,Clear,0,1360.022,89.013,4
2021-12-13,01:23:05.997000,6.845,7.49716,Clear,0,1360.175,89.016,4
2021-12-13,01:23:06.097000,6.74,7.39178,Clear,0,1360.329,89.019,4
2021-12-13,01:23:06.197000,6.795,7.44834,Clear,0,1360.482,89.023,4
2021-12-13,01:23:06.297000,6.782,7.43525,Clear,0,1360.636,89.026,4
2021-12-13,01:23:06.397000,6.798,7.45104,Clear,0,1360.79,89.029,4
2021-12-13,01:23:06.497000,6.801,7.45525,Clear,0,1360.945,89.033,4
2021-12-13,01:23:06.597000,6.772,7.42642,Clear,0,1361.099,89.036,4
2021-12-13,01:23:06.697000,6.868,7.52154,Clear,0,1361.254,89.04,4
2021-12-13,01:23:06.797000,6.777,7.43215,Clear,0,1361.41,89.043,4
2021-12-13,01:23:06.897000,6.656,7.31117,Clear,0,1361.565,89.046,4
2021-12-13,01:23:06.997000,6.814,7.46935,Clear,0,1361.721,89.05,4
2021-12-13,01:23:07.097000,6.84,7.49466,Clear,0,1361.878,89.053,4
2021-12-13,01:23:07.197000,6.673,7.32859,Clear,0,1362.034,89.056,4
2021-12-13,01:23:07.297000,6.827,7.48255,Clear,0,1362.191,89.06,4
2021-12-13,01:23:07.397000,6.759,7.41518,Clear,0,1362.349,89.063,4
2021-12-13,01:23:07.497000,6.668,7.32524,Clear,0,1362.506,89.066,4
2021-12-13,01:23:07.597000,6.612,7.26888,Clear,0,1362.664,89.07,4
2021-12-13,01:23:07.697000,6.636,7.29302,Clear,0,1362.822,89.073,4
2021-12-13,01:23:07.797000,6.689,7.34733,Clear,0,1362.98,89.076,4
2021-12-13,01:23:07.897000,6.819,7.47724,Clear,0,1363.139,89.08,4
2021-12-13,01:23:07.997000,6.812,7.47017,Clear,0,1363.298,89.083,4
2021-12-13,01:23:08.097000,6.846,7.50536,Clear,0,1363.458,89.087,4
2021-12-13,01:23:08.197000,6.68,7.33915,Clear,0,1363.617,89.09,4
2021-12-13,01:23:08.297000,6.822,7.4808,Clear,0,1363.777,89.093,4
2021-12-13,01:23:08.397000,6.742,7.40233,Clear,0,1363.938,89.097,4
2021-12-13,01:23:08.497000,6.754,7.41346,Clear,0,1364.098,89.1,4
2021-12-13,01:23:08.597000,6.65,7.30955,Clear,0,1364.259,89.103,4
2021-12-13,01:23:08.697000,6.906,7.56655,Clear,0,1364.42,89.107,4
2021-12-13,01:23:08.797000,6.752,7.41303,Clear,0,1364.582,89.11,4
2021-12-13,01:23:08.897000,6.817,7.47832,Clear,0,1364.743,89.113,4
2021-12-13,01:23:08.997000,6.76,7.4212,Clear,0,1364.906,89.117,4
2021-12-13,01:23:09.097000,6.778,7.43951,Clear,0,1365.068,89.12,4
2021-12-13,01:23:09.197000,6.814,7.4757,Clear,0,1365.231,89.124,4
2021-12-13,01:23:09.297000,6.694,7.3557,Clear,0,1365.394,89.127,4
2021-12-13,01:23:09.397000,6.663,7.32619,Clear,0,1365.557,89.13,4
2021-12-13,01:23:09.497000,6.86,7.52323,Clear,0,1365.721,89.134,4
2021-12-13,01:23:09.597000,6.673,7.3363,Clear,0,1365.884,89.137,4
2021-12-13,01:23:09.697000,6.765,7.42943,Clear,0,1366.049,89.14,4
2021-12-13,01:23:09.797000,6.836,7.49984,Clear,0,1366.213,89.144,4
2021-12-13,01:23:09.897000,6.72,7.38406,Clear,0,1366.378,89.147,4
2021-12-13,01:23:09.997000,6.716,7.38053,Clear,0,1366.543,89.151,4
2021-12-13,01:23:10.097000,6.756,7.4212,Clear,0,1366.709,89.154,4
2021-12-13,01:23:10.197000,6.61,7.27534,Clear,0,1366.874,89.157,4
2021-12-13,01:23:10.297000,6.542,7.20819,Clear,0,1367.04,89.161,4
2021-12-13,01:23:10.397000,6.682,7.3476,Clear,0,1367.207,89.164,4
2021-12-13,01:23:10.497000,6.621,7.28654,Clear,0,1367.373,89.167,4
2021-12-13,01:23:10.597000,6.665,7.33238,Clear,0,1367.54,89.171,4
2021-12-13,01:23:10.697000,6.771,7.43758,Clear,0,1367.708,89.174,4
2021-12-13,01:23:10.797000,6.659,7.32619,Clear,0,1367.875,89.178,4
2021-12-13,01:23:10.897000,6.704,7.37154,Clear,0,1368.043,89.181,4
2021-12-13,01:23:10.997000,6.665,7.33278,Clear,0,1368.211,89.184,4
2021-12-13,01:23:11.097000,6.703,7.3714,Clear,0,1368.379,89.188,4
2021-12-13,01:23:11.197000,6.725,7.39358,Clear,0,1368.548,89.191,4
2021-12-13,01:23:11.297000,6.711,7.37954,Clear,0,1368.717,89.194,4
2021-12-13,01:23:11.397000,6.655,7.32364,Clear,0,1368.887,89.198,4
2021-12-13,01:23:11.497000,6.694,7.36429,Clear,0,1369.056,89.201,4
2021-12-13,01:23:11.597000,6.773,7.44249,Clear,0,1369.226,89.205,4
2021-12-13,01:23:11.697000,6.703,7.37308,Clear,0,1369.396,89.208,4
2021-12-13,01:23:11.797000,6.879,7.55027,Clear,0,1369.567,89.211,4
2021-12-13,01:23:11.897000,6.686,7.35722,Clear,0,1369.738,89.215,4
2021-12-13,01:23:11.997000,6.766,7.43713,Clear,0,1369.909,89.218,4
2021-12-13,01:23:12.097000,6.901,7.5731,Clear,0,1370.08,89.222,4
2021-12-13,01:23:12.197000,6.888,7.56004,Clear,0,1370.252,89.225,4
2021-12-13,01:23:12.297000,6.68,7.3524,Clear,0,1370.424,89.228,4
2021-12-13,01:23:12.397000,6.81,7.4825,Clear,0,1370.597,89.232,4
2021-12-13,01:23:12.497000,6.817,7.49043,Clear,0,1370.769,89.235,4
2021-12-13,01:23:12.597000,6.998,7.67086,Clear,0,1370.942,89.239,4
2021-12-13,01:23:12.697000,6.873,7.54665,Clear,0,1371.115,89.242,4
2021-12-13,01:23:12.797000,6.95,7.62379,Clear,0,1371.289,89.245,4
2021-12-13,01:23:12.897000,6.85,7.52404,Clear,0,1371.463,89.249,4
2021-12-13,01:23:12.997000,6.984,7.65894,Clear,0,1371.637,89.252,4
2021-12-13,01:23:13.097000,6.823,7.49811,Clear,0,1371.811,89.256,4
2021-12-13,01:23:13.197000,6.82,7.49512,Clear,0,1371.986,89.259,4
2021-12-13,01:23:13.297000,6.847,7.52307,Clear,0,1372.161,89.262,4
2021-12-13,01:23:13.397000,6.918,7.59368,Clear,0,1372.337,89.266,4
2021-12-13,01:23:13.497000,6.926,7.60212,Clear,0,1372.512,89.269,4
2021-12-13,01:23:13.597000,6.82,7.49732,Clear,0,1372.688,89.273,4
2021-12-13,01:23:13.697000,6.84,7.51666,Clear,0,1372.864,89.276,4
2021-12-13,01:23:13.797000,6.807,7.48358,Clear,0,1373.041,89.279,4
2021-12-13,01:23:13.897000,6.984,7.66205,Clear,0,1373.218,89.283,4
2021-12-13,01:23:13.997000,7.185,7.86311,Clear,0,1373.395,89.286,4
2021-12-13,01:23:14.097000,6.828,7.50631,Clear,0,1373.572,89.29,4
2021-12-13,01:23:14.197000,6.93,7.60906,Clear,0,1373.75,89.293,4
2021-12-13,01:23:14.297000,6.99,7.66883,Clear,0,1373.928,89.296,4
2021-12-13,01:23:14.397000,6.801,7.47987,Clear,0,1374.106,89.3,4
2021-12-13,01:23:14.497000,6.782,7.46239,Clear,0,1374.285,89.303,4
2021-12-13,01:23:14.597000,6.877,7.55705,Clear,0,1374.464,89.307,4
2021-12-13,01:23:14.697000,6.928,7.60872,Clear,0,1374.643,89.31,4
2021-12-13,01:23:14.797000,6.894,7.57462,Clear,0,1374.823,89.313,4
2021-12-13,01:23:14.897000,6.883,7.56355,Clear,0,1375.003,89.317,4
2021-12-13,01:23:14.997000,6.853,7.53455,Clear,0,1375.183,89.32,4
2021-12-13,01:23:15.097000,6.796,7.47786,Clear,0,1375.363,89.324,4
2021-12-13,01:23:15.197000,6.856,7.53764,Clear,0,1375.544,89.327,4
2021-12-13,01:23:15.297000,6.886,7.56907,Clear,0,1375.725,89.331,4
2021-12-13,01:23:15.397000,6.875,7.55822,Clear,0,1375.906,89.334,4
2021-12-13,01:23:15.497000,6.89,7.57277,Clear,0,1376.088,89.337,4
2021-12-13,01:23:15.597000,6.875,7.55938,Clear,0,1376.27,89.341,4
2021-12-13,01:23:15.697000,6.917,7.60108,Clear,0,1376.452,89.344,4
2021-12-13,01:23:15.797000,6.915,7.59901,Clear,0,1376.634,89.348,4
2021-12-13,01:23:15.897000,6.943,7.62821,Clear,0,1376.817,89.351,4
2021-12-13,01:23:15.997000,7.018,7.70265,Clear,0,1377.0,89.354,4
2021-12-13,01:23:16.097000,6.883,7.56756,Clear,0,1377.183,89.358,4
2021-12-13,01:23:16.197000,6.99,7.67584,Clear,0,1377.367,89.361,4
2021-12-13,01:23:16.297000,6.821,7.50726,Clear,0,1377.551,89.365,4
2021-12-13,01:23:16.397000,6.863,7.54928,Clear,0,1377.735,89.368,4
2021-12-13,01:23:16.497000,6.921,7.6075,Clear,0,1377.92,89.372,4
2021-12-13,01:23:16.597000,7.109,7.79635,Clear,0,1378.105,89.375,4
2021-12-13,01:23:16.697000,6.901,7.58922,Clear,0,1378.29,89.378,4
2021-12-13,01:23:16.797000,6.943,7.63052,Clear,0,1378.475,89.382,4
2021-12-13,01:23:16.897000,6.981,7.66846,Clear,0,1378.661,89.385,4
2021-12-13,01:23:16.997000,7.086,7.77524,Clear,0,1378.847,89.389,4
2021-12-13,01:23:17.097000,6.994,7.6829,Clear,0,1379.033,89.392,4
2021-12-13,01:23:17.197000,7.088,7.77707,Clear,0,1379.22,89.396,4
2021-12-13,01:23:17.297000,6.93,7.61991,Clear,0,1379.407,89.399,4
2021-12-13,01:23:17.397000,6.938,7.6275,Clear,0,1379.594,89.402,4
2021-12-13,01:23:17.497000,7.008,7.69792,Clear,0,1379.782,89.406,4
2021-12-13,01:23:17.597000,7.024,7.71486,Clear,0,1379.969,89.409,4
2021-12-13,01:23:17.697000,6.98,7.67097,Clear,0,1380.157,89.413,4
2021-12-13,01:23:17.797000,6.895,7.58725,Clear,0,1380.346,89.416,4
2021-12-13,01:23:17.897000,7.032,7.72387,Clear,0,1380.534,89.42,4
2021-12-13,01:23:17.997000,6.894,7.58606,Clear,0,1380.723,89.423,4
2021-12-13,01:23:18.097000,6.916,7.6088,Clear,0,1380.913,89.426,4
2021-12-13,01:23:18.197000,6.845,7.5377,Clear,0,1381.102,89.43,4
2021-12-13,01:23:18.297000,7.017,7.71021,Clear,0,1381.292,89.433,4
2021-12-13,01:23:18.397000,6.93,7.62424,Clear,0,1381.482,89.437,4
2021-12-13,01:23:18.497000,6.926,7.62018,Clear,0,1381.673,89.44,4
2021-12-13,01:23:18.597000,6.972,7.66619,Clear,0,1381.863,89.444,4
2021-12-13,01:23:18.697000,6.861,7.55612,Clear,0,1382.054,89.447,4
2021-12-13,01:23:18.797000,7.03,7.72542,Clear,0,1382.246,89.45,4
2021-12-13,01:23:18.897000,6.981,7.67726,Clear,0,1382.437,89.454,4
2021-12-13,01:23:18.997000,6.959,7.65505,Clear,0,1382.629,89.457,4
2021-12-13,01:23:19.097000,6.898,7.59393,Clear,0,1382.821,89.461,4
2021-12-13,01:23:19.197000,6.887,7.58367,Clear,0,1383.014,89.464,4
2021-12-13,01:23:19.297000,7.011,7.70792,Clear,0,1383.207,89.468,4
2021-12-13,01:23:19.397000,6.965,7.66198,Clear,0,1383.4,89.471,4
2021-12-13,01:23:19.497000,6.96,7.65832,Clear,0,1383.593,89.474,4
2021-12-13,01:23:19.597000,6.921,7.61877,Clear,0,1383.787,89.478,4
2021-12-13,01:23:19.697000,6.943,7.64079,Clear,0,1383.981,89.481,4
2021-12-13,01:23:19.797000,6.974,7.673,Clear,0,1384.175,89.485,4
2021-12-13,01:23:19.897000,6.905,7.60411,Clear,0,1384.369,89.488,4
2021-12-13,01:23:19.997000,6.974,7.67374,Clear,0,1384.564,89.492,4
2021-12-13,01:23:20.097000,6.99,7.69013,Clear,0,1384.759,89.495,4
2021-12-13,01:23:20.197000,6.876,7.57604,Clear,0,1384.954,89.499,4
2021-12-13,01:23:20.297000,7.078,7.77867,Clear,0,1385.15,89.502,4
2021-12-13,01:23:20.397000,7.002,7.70297,Clear,0,1385.346,89.505,4
2021-12-13,01:23:20.497000,6.996,7.69653,Clear,0,1385.542,89.509,4
2021-12-13,01:23:20.597000,6.931,7.63292,Clear,0,1385.739,89.512,4
2021-12-13,01:23:20.697000,6.961,7.66289,Clear,0,1385.936,89.516,4
2021-12-13,01:23:20.797000,6.912,7.61456,Clear,0,1386.133,89.519,4
2021-12-13,01:23:20.897000,6.8,7.50303,Clear,0,1386.33,89.523,4
2021-12-13,01:23:20.997000,6.88,7.58248,Clear,0,1386.528,89.526,4
2021-12-13,01:23:21.097000,6.962,7.66601,Clear,0,1386.726,89.53,4
2021-12-13,01:23:21.197000,6.881,7.5852,Clear,0,1386.924,89.533,4
2021-12-13,01:23:21.297000,6.751,7.45468,Clear,0,1387.123,89.536,4
2021-12-13,01:23:21.397000,6.861,7.56545,Clear,0,1387.322,89.54,4
2021-12-13,01:23:21.497000,6.939,7.64366,Clear,0,1387.521,89.543,4
2021-12-13,01:23:21.597000,6.927,7.6331,Clear,0,1387.72,89.547,4
2021-12-13,01:23:21.697000,7.066,7.77197,Clear,0,1387.92,89.55,4
2021-12-13,01:23:21.797000,6.801,7.50683,Clear,0,1388.12,89.554,4
2021-12-13,01:23:21.897000,6.916,7.62318,Clear,0,1388.32,89.557,4
2021-12-13,01:23:21.997000,6.994,7.70126,Clear,0,1388.521,89.561,4
2021-12-13,01:23:22.097000,7.013,7.71962,Clear,0,1388.722,89.564,4
2021-12-13,01:23:22.197000,6.939,7.64654,Clear,0,1388.923,89.568,4
2021-12-13,01:23:22.297000,6.964,7.67208,Clear,0,1389.124,89.571,4
2021-12-13,01:23:22.397000,6.978,7.68695,Clear,0,1389.326,89.574,4
2021-12-13,01:23:22.497000,6.863,7.57149,Clear,0,1389.528,89.578,4
2021-12-13,01:23:22.597000,6.878,7.58742,Clear,0,1389.73,89.581,4
2021-12-13,01:23:22.697000,6.91,7.62,Clear,0,1389.933,89.585,4
2021-12-13,01:23:22.797000,6.91,7.62036,Clear,0,1390.136,89.588,4
2021-12-13,01:23:22.897000,6.985,7.69484,Clear,0,1390.339,89.592,4
2021-12-13,01:23:22.997000,6.878,7.58862,Clear,0,1390.543,89.595,4
2021-12-13,01:23:23.097000,6.942,7.65323,Clear,0,1390.746,89.599,4
2021-12-13,01:23:23.197000,6.842,7.55347,Clear,0,1390.95,89.602,4
2021-12-13,01:23:23.297000,6.847,7.55878,Clear,0,1391.155,89.606,4
2021-12-13,01:23:23.497000,6.892,7.60498,Clear,0,1391.564,89.612,4
2021-12-13,01:23:23.597000,6.95,7.66271,Clear,0,1391.769,89.616,4
2021-12-13,01:23:23.697000,6.975,7.6892,Clear,0,1391.975,89.619,4
2021-12-13,01:23:23.797000,6.943,7.65705,Clear,0,1392.181,89.623,4
2021-12-13,01:23:23.897000,6.916,7.62972,Clear,0,1392.387,89.626,4
2021-12-13,01:23:23.997000,6.98,7.69484,Clear,0,1392.593,89.63,4
2021-12-13,01:23:24.097000,6.892,7.60671,Clear,0,1392.8,89.633,4
2021-12-13,01:23:24.197000,6.969,7.68433,Clear,0,1393.007,89.637,4
2021-12-13,01:23:24.297000,6.915,7.63132,Clear,0,1393.214,89.64,4
2021-12-13,01:23:24.397000,6.771,7.48672,Clear,0,1393.421,89.644,4
2021-12-13,01:23:24.497000,6.86,7.57672,Clear,0,1393.629,89.647,4
2021-12-13,01:23:24.597000,6.893,7.60985,Clear,0,1393.837,89.651,4
2021-12-13,01:23:24.697000,6.928,7.64492,Clear,0,1394.045,89.654,4
2021-12-13,01:23:24.797000,6.853,7.57115,Clear,0,1394.254,89.657,4
2021-12-13,01:23:24.897000,6.866,7.5835,Clear,0,1394.463,89.661,4
2021-12-13,01:23:24.997000,6.876,7.59513,Clear,0,1394.672,89.664,4
2021-12-13,01:23:25.097000,6.976,7.69503,Clear,0,1394.882,89.668,4
2021-12-13,01:23:25.197000,6.911,7.63026,Clear,0,1395.091,89.671,4
2021-12-13,01:23:25.297000,6.929,7.64871,Clear,0,1395.301,89.675,4
2021-12-13,01:23:25.397000,6.829,7.54901,Clear,0,1395.512,89.678,4
2021-12-13,01:23:25.497000,6.916,7.63685,Clear,0,1395.722,89.682,4
2021-12-13,01:23:25.597000,6.838,7.55944,Clear,0,1395.933,89.685,4
2021-12-13,01:23:25.697000,6.829,7.55033,Clear,0,1396.144,89.689,4
2021-12-13,01:23:25.797000,7.041,7.7633,Clear,0,1396.356,89.692,4
2021-12-13,01:23:25.897000,6.879,7.60065,Clear,0,1396.567,89.696,4
2021-12-13,01:23:25.997000,6.979,7.7024,Clear,0,1396.779,89.699,4
2021-12-13,01:23:26.097000,6.896,7.61895,Clear,0,1396.992,89.703,4
2021-12-13,01:23:26.197000,7.071,7.79425,Clear,0,1397.204,89.706,4
2021-12-13,01:23:26.297000,6.995,7.71904,Clear,0,1397.417,89.709,4
2021-12-13,01:23:26.397000,6.969,7.69295,Clear,0,1397.63,89.713,4
2021-12-13,01:23:26.497000,6.957,7.68154,Clear,0,1397.844,89.716,4
2021-12-13,01:23:26.597000,6.887,7.61159,Clear,0,1398.058,89.72,4
2021-12-13,01:23:26.697000,7.015,7.73987,Clear,0,1398.272,89.723,4
2021-12-13,01:23:26.797000,6.999,7.72445,Clear,0,1398.486,89.727,4
2021-12-13,01:23:26.897000,6.996,7.72194,Clear,0,1398.7,89.73,4
2021-12-13,01:23:26.997000,6.952,7.67837,Clear,0,1398.915,89.734,4
2021-12-13,01:23:27.097000,7.118,7.84522,Clear,0,1399.13,89.737,4
2021-12-13,01:23:27.197000,7.046,7.77298,Clear,0,1399.346,89.741,4
2021-12-13,01:23:27.297000,6.995,7.72291,Clear,0,1399.561,89.744,4
2021-12-13,01:23:27.397000,7.032,7.76009,Clear,0,1399.777,89.748,4
2021-12-13,01:23:27.497000,6.979,7.70659,Clear,0,1399.994,89.751,4
2021-12-13,01:23:27.597000,7.035,7.7635,Clear,0,1400.21,89.755,4
2021-12-13,01:23:27.697000,6.931,7.65965,Clear,0,1400.427,89.758,4
2021-12-13,01:23:27.797000,7.169,7.89923,Clear,0,1400.644,89.762,4
2021-12-13,01:23:27.897000,6.958,7.68796,Clear,0,1400.861,89.765,4
2021-12-13,01:23:27.997000,7.074,7.80484,Clear,0,1401.079,89.768,4
2021-12-13,01:23:28.097000,7.082,7.81301,Clear,0,1401.297,89.772,4
2021-12-13,01:23:28.197000,7.064,7.79507,Clear,0,1401.515,89.775,4
2021-12-13,01:23:28.297000,6.978,7.71012,Clear,0,1401.734,89.779,4
2021-12-13,01:23:28.397000,6.936,7.6679,Clear,0,1401.953,89.782,4
2021-12-13,01:23:28.497000,7.17,7.90311,Clear,0,1402.172,89.786,4
2021-12-13,01:23:28.597000,6.99,7.72302,Clear,0,1402.391,89.789,4
2021-12-13,01:23:28.697000,7.038,7.77133,Clear,0,1402.611,89.793,4
2021-12-13,01:23:28.797000,7.016,7.74948,Clear,0,1402.83,89.796,4
2021-12-13,01:23:28.897000,7.056,7.7895,Clear,0,1403.051,89.8,4
2021-12-13,01:23:28.997000,7.084,7.81892,Clear,0,1403.271,89.803,4
2021-12-13,01:23:29.097000,7.221,7.95604,Clear,0,1403.492,89.807,4
2021-12-13,01:23:29.197000,7.181,7.91553,Clear,0,1403.713,89.81,4
2021-12-13,01:23:29.297000,7.078,7.81364,Clear,0,1403.934,89.814,4
2021-12-13,01:23:29.396000,7.142,7.87826,Clear,0,1404.153,89.817,4
2021-12-13,01:23:29.496000,7.132,7.86847,Clear,0,1404.375,89.821,4
2021-12-13,01:23:29.596000,7.196,7.93254,Clear,0,1404.597,89.824,4
2021-12-13,01:23:29.696000,6.997,7.73431,Clear,0,1404.82,89.828,4
2021-12-13,01:23:29.796000,7.017,7.75465,Clear,0,1405.042,89.831,4
2021-12-13,01:23:29.896000,7.154,7.89174,Clear,0,1405.265,89.835,4
2021-12-13,01:23:30.596000,7.258,7.99904,Clear,0,1406.834,89.859,9
2021-12-13,01:23:30.696000,7.09,7.83145,Clear,0,1407.059,89.862,9
2021-12-13,01:23:30.796000,7.116,7.85803,Clear,0,1407.285,89.866,9
2021-12-13,01:23:30.896000,7.145,7.88689,Clear,0,1407.51,89.869,9
2021-12-13,01:23:30.996000,7.352,8.09478,Clear,0,1407.736,89.873,9
2021-12-13,01:23:31.096000,7.158,7.90138,Clear,0,1407.963,89.876,9
2021-12-13,01:23:31.196000,7.26,8.0042,Clear,0,1408.189,89.88,9
2021-12-13,01:23:31.296000,7.148,7.89224,Clear,0,1408.416,89.883,9
2021-12-13,01:23:31.396000,7.321,8.06456,Clear,0,1408.643,89.887,9
2021-12-13,01:23:31.496000,7.219,7.96359,Clear,0,1408.87,89.89,9
2021-12-13,01:23:31.596000,7.161,7.90562,Clear,0,1409.098,89.894,9
2021-12-13,01:23:31.696000,7.263,8.00939,Clear,0,1409.326,89.897,9
2021-12-13,01:23:31.796000,7.232,7.97788,Clear,0,1409.554,89.901,9
2021-12-13,01:23:31.896000,7.041,7.788,Clear,0,1409.783,89.904,9
2021-12-13,01:23:31.996000,7.241,7.98777,Clear,0,1410.012,89.908,9
2021-12-13,01:23:32.096000,7.334,8.08109,Clear,0,1410.241,89.911,9
2021-12-13,01:23:32.196000,7.192,7.93969,Clear,0,1410.47,89.915,9
2021-12-13,01:23:32.296000,7.093,7.8412,Clear,0,1410.7,89.918,9
2021-12-13,01:23:32.396000,7.141,7.88968,Clear,0,1410.929,89.922,9
2021-12-13,01:23:32.496000,7.157,7.90562,Clear,0,1411.16,89.925,9
2021-12-13,01:23:32.596000,7.231,7.98016,Clear,0,1411.39,89.929,9
2021-12-13,01:23:32.696000,7.084,7.83388,Clear,0,1411.621,89.932,9
2021-12-13,01:23:32.796000,7.309,8.05883,Clear,0,1411.852,89.936,9
2021-12-13,01:23:32.996000,7.18,7.93071,Clear,0,1412.314,89.943,9
2021-12-13,01:23:33.096000,7.248,8.00007,Clear,0,1412.546,89.946,9
2021-12-13,01:23:33.196000,7.373,8.12528,Clear,0,1412.778,89.95,9
2021-12-13,01:23:33.296000,7.136,7.88782,Clear,0,1413.01,89.953,9
2021-12-13,01:23:33.396000,7.409,8.16234,Clear,0,1413.243,89.957,9
2021-12-13,01:23:33.496000,7.283,8.03622,Clear,0,1413.476,89.96,9
2021-12-13,01:23:33.596000,7.272,8.02615,Clear,0,1413.709,89.964,9
2021-12-13,01:23:33.696000,7.149,7.90303,Clear,0,1413.943,89.967,9
2021-12-13,01:23:33.796000,7.267,8.02193,Clear,0,1414.176,89.971,9
2021-12-13,01:23:33.896000,7.263,8.01747,Clear,0,1414.41,89.974,9
2021-12-13,01:23:33.996000,7.282,8.03649,Clear,0,1414.644,89.978,9
2021-12-13,01:23:34.096000,7.242,7.99801,Clear,0,1414.879,89.981,9
2021-12-13,01:23:34.196000,7.364,8.12038,Clear,0,1415.114,89.984,9
2021-12-13,01:23:34.296000,7.376,8.13312,Clear,0,1415.349,89.988,9
2021-12-13,01:23:34.396000,7.199,7.95565,Clear,0,1415.584,89.991,9
2021-12-13,01:23:34.496000,7.297,8.0553,Clear,0,1415.82,89.995,9
2021-12-13,01:23:34.596000,7.215,7.9731,Clear,0,1416.056,89.998,9
2021-12-13,01:23:34.696000,7.252,8.01017,Clear,0,1416.292,90.002,9
2021-12-13,01:23:34.796000,7.387,8.14601,Clear,0,1416.528,90.005,9
2021-12-13,01:23:34.896000,7.137,7.89622,Clear,0,1416.765,90.009,9
2021-12-13,01:23:34.996000,7.282,8.0421,Clear,0,1417.002,90.012,9
2021-12-13,01:23:35.096000,7.3,8.05965,Clear,0,1417.239,90.016,9
2021-12-13,01:23:35.196000,7.346,8.10722,Clear,0,1417.477,90.019,9
2021-12-13,01:23:35.296000,7.308,8.06894,Clear,0,1417.714,90.023,9
2021-12-13,01:23:35.396000,7.438,8.19885,Clear,0,1417.952,90.026,9
2021-12-13,01:23:35.496000,7.302,8.06347,Clear,0,1418.191,90.03,9
2021-12-13,01:23:35.696000,7.454,8.21663,Clear,0,1418.668,90.037,9
2021-12-13,01:23:35.796000,7.23,7.99339,Clear,0,1418.907,90.04,9
2021-12-13,01:23:35.896000,7.08,7.84388,Clear,0,1419.147,90.044,9
2021-12-13,01:23:35.996000,7.251,8.01512,Clear,0,1419.386,90.047,9
2021-12-13,01:23:36.096000,7.409,8.17317,Clear,0,1419.626,90.051,9
2021-12-13,01:23:36.196000,7.28,8.04505,Clear,0,1419.866,90.054,9
2021-12-13,01:23:36.296000,7.263,8.02826,Clear,0,1420.107,90.058,9
2021-12-13,01:23:36.396000,7.415,8.18135,Clear,0,1420.348,90.061,9
2021-12-13,01:23:36.596000,7.487,8.25439,Clear,0,1420.83,90.068,9
2021-12-13,01:23:36.696000,7.255,8.02193,Clear,0,1421.071,90.072,9
2021-12-13,01:23:36.796000,7.306,8.07279,Clear,0,1421.313,90.075,9
2021-12-13,01:23:36.896000,7.337,8.10495,Clear,0,1421.555,90.079,9
2021-12-13,01:23:36.996000,7.399,8.16714,Clear,0,1421.798,90.082,9
2021-12-13,01:23:37.096000,6.876,7.64448,Clear,0,1422.04,90.086,9
2021-12-13,01:23:37.196000,7.315,8.08359,Clear,0,1422.283,90.089,9
2021-12-13,01:23:37.296000,7.199,7.96858,Clear,0,1422.526,90.093,9
2021-12-13,01:23:37.396000,7.359,8.12905,Clear,0,1422.77,90.096,9
2021-12-13,01:23:37.496000,7.421,8.19145,Clear,0,1423.013,90.1,9
2021-12-13,01:23:37.596000,7.32,8.09113,Clear,0,1423.257,90.103,9
2021-12-13,01:23:37.796000,7.267,8.03889,Clear,0,1423.746,90.11,9
2021-12-13,01:23:37.896000,7.365,8.13662,Clear,0,1423.991,90.114,9
2021-12-13,01:23:37.996000,7.432,8.20474,Clear,0,1424.236,90.117,9
2021-12-13,01:23:38.096000,7.368,8.1413,Clear,0,1424.481,90.121,9
2021-12-13,01:23:38.296000,7.238,8.01173,Clear,0,1424.973,90.128,9
2021-12-13,01:23:38.396000,7.414,8.18807,Clear,0,1425.219,90.131,9
2021-12-13,01:23:38.496000,7.278,8.05286,Clear,0,1425.465,90.135,9
2021-12-13,01:23:38.596000,7.263,8.03782,Clear,0,1425.712,90.138,9
2021-12-13,01:23:38.696000,7.23,8.00577,Clear,0,1425.959,90.142,9
2021-12-13,01:23:38.796000,7.284,8.0599,Clear,0,1426.206,90.145,9
2021-12-13,01:23:38.896000,7.307,8.08383,Clear,0,1426.453,90.149,9
2021-12-13,01:23:39.096000,7.323,8.10121,Clear,0,1426.949,90.156,9
2021-12-13,01:23:39.196000,7.294,8.07166,Clear,0,1427.197,90.159,9
2021-12-13,01:23:39.396000,7.383,8.16224,Clear,0,1427.694,90.166,9
2021-12-13,01:23:39.496000,7.264,8.04316,Clear,0,1427.943,90.17,9
2021-12-13,01:23:39.596000,7.401,8.18124,Clear,0,1428.193,90.173,9
2021-12-13,01:23:39.696000,7.423,8.20305,Clear,0,1428.442,90.177,9
2021-12-13,01:23:39.796000,7.284,8.06453,Clear,0,1428.692,90.18,9
2021-12-13,01:23:39.896000,7.112,7.89327,Clear,0,1428.942,90.184,9
2021-12-13,01:23:39.996000,7.178,7.96016,Clear,0,1429.192,90.187,9
2021-12-13,01:23:40.096000,7.307,8.08941,Clear,0,1429.443,90.191,9
2021-12-13,01:23:40.196000,7.383,8.16493,Clear,0,1429.694,90.194,9
2021-12-13,01:23:40.396000,7.295,8.07828,Clear,0,1430.196,90.201,9
2021-12-13,01:23:40.596000,7.177,7.96115,Clear,0,1430.7,90.208,9
2021-12-13,01:23:40.696000,7.271,8.05583,Clear,0,1430.952,90.212,9
2021-12-13,01:23:40.796000,7.214,7.99881,Clear,0,1431.205,90.215,9
2021-12-13,01:23:40.996000,7.477,8.26303,Clear,0,1431.71,90.222,9
2021-12-13,01:23:41.096000,7.17,7.95694,Clear,0,1431.963,90.226,9
2021-12-13,01:23:41.196000,7.206,7.99342,Clear,0,1432.217,90.229,9
2021-12-13,01:23:41.296000,7.328,8.11457,Clear,0,1432.471,90.233,9
2021-12-13,01:23:41.396000,7.288,8.07607,Clear,0,1432.725,90.236,9
2021-12-13,01:23:41.496000,7.314,8.10178,Clear,0,1432.979,90.24,9
2021-12-13,01:23:41.596000,7.305,8.09361,Clear,0,1433.234,90.243,9
2021-12-13,01:23:41.696000,7.341,8.13013,Clear,0,1433.488,90.247,9
2021-12-13,01:23:41.796000,7.307,8.0967,Clear,0,1433.743,90.25,9
2021-12-13,01:23:41.896000,7.225,8.01513,Clear,0,1433.999,90.254,9
2021-12-13,01:23:42.096000,7.36,8.15094,Clear,0,1434.51,90.261,9
2021-12-13,01:23:42.296000,7.332,8.12348,Clear,0,1435.023,90.268,9
2021-12-13,01:23:42.396000,7.406,8.19779,Clear,0,1435.279,90.271,9
2021-12-13,01:23:42.496000,7.268,8.06099,Clear,0,1435.536,90.275,9
2021-12-13,01:23:42.596000,7.306,8.09895,Clear,0,1435.793,90.278,9
2021-12-13,01:23:42.696000,7.291,8.08494,Clear,0,1436.051,90.282,9
2021-12-13,01:23:42.796000,7.319,8.11286,Clear,0,1436.309,90.285,9
2021-12-13,01:23:42.896000,7.261,8.05583,Clear,0,1436.566,90.289,9
2021-12-13,01:23:42.996000,7.29,8.08466,Clear,0,1436.825,90.292,9
2021-12-13,01:23:43.196000,7.354,8.14946,Clear,0,1437.342,90.299,9
2021-12-13,01:23:43.296000,7.352,8.14887,Clear,0,1437.601,90.303,9
2021-12-13,01:23:43.396000,7.364,8.16134,Clear,0,1437.86,90.306,9
2021-12-13,01:23:43.496000,7.292,8.08857,Clear,0,1438.12,90.31,9
2021-12-13,01:23:43.596000,7.421,8.219,Clear,0,1438.379,90.313,9
2021-12-13,01:23:43.696000,7.354,8.15212,Clear,0,1438.639,90.317,9
2021-12-13,01:23:43.796000,7.276,8.07497,Clear,0,1438.9,90.32,9
2021-12-13,01:23:43.896000,7.407,8.20554,Clear,0,1439.16,90.324,9
2021-12-13,01:23:43.996000,7.232,8.03197,Clear,0,1439.421,90.327,9
2021-12-13,01:23:44.096000,7.374,8.17366,Clear,0,1439.682,90.331,9
2021-12-13,01:23:44.196000,7.218,8.01905,Clear,0,1439.943,90.334,9
2021-12-13,01:23:44.296000,7.385,8.18612,Clear,0,1440.205,90.338,9
2021-12-13,01:23:44.396000,7.227,8.02879,Clear,0,1440.467,90.341,9
2021-12-13,01:23:44.496000,7.339,8.14063,Clear,0,1440.729,90.345,9
2021-12-13,01:23:44.596000,7.343,8.14622,Clear,0,1440.991,90.348,9
2021-12-13,01:23:44.696000,7.245,8.04773,Clear,0,1441.254,90.352,9
2021-12-13,01:23:44.796000,7.332,8.1345,Clear,0,1441.516,90.355,9
2021-12-13,01:23:44.896000,7.23,8.03356,Clear,0,1441.78,90.359,9
2021-12-13,01:23:45.196000,7.301,8.10631,Clear,0,1442.57,90.369,9
2021-12-13,01:23:45.296000,7.419,8.225,Clear,0,1442.835,90.373,9
2021-12-13,01:23:45.396000,7.208,8.01383,Clear,0,1443.099,90.376,9
2021-12-13,01:23:45.496000,7.376,8.18306,Clear,0,1443.364,90.38,9
2021-12-13,01:23:45.596000,7.378,8.18489,Clear,0,1443.629,90.383,9
2021-12-13,01:23:45.696000,7.364,8.17155,Clear,0,1443.894,90.387,9
2021-12-13,01:23:45.796000,7.228,8.03622,Clear,0,1444.159,90.39,9
2021-12-13,01:23:45.996000,7.311,8.12031,Clear,0,1444.691,90.397,9
2021-12-13,01:23:46.096000,7.236,8.0445,Clear,0,1444.957,90.401,9
2021-12-13,01:23:46.196000,7.273,8.083,Clear,0,1445.223,90.404,9
2021-12-13,01:23:46.296000,7.394,8.20368,Clear,0,1445.49,90.408,9
2021-12-13,01:23:46.396000,7.298,8.10887,Clear,0,1445.757,90.411,9
2021-12-13,01:23:46.496000,7.375,8.18581,Clear,0,1446.024,90.415,9
2021-12-13,01:23:46.596000,7.267,8.07883,Clear,0,1446.292,90.418,9
2021-12-13,01:23:46.696000,7.194,8.00629,Clear,0,1446.559,90.422,9
2021-12-13,01:23:46.796000,7.356,8.16944,Clear,0,1446.827,90.425,9
2021-12-13,01:23:46.896000,7.319,8.13188,Clear,0,1447.096,90.429,9
2021-12-13,01:23:46.996000,7.27,8.08355,Clear,0,1447.364,90.432,9
2021-12-13,01:23:47.196000,7.376,8.19102,Clear,0,1447.902,90.439,9
2021-12-13,01:23:47.296000,7.241,8.05637,Clear,0,1448.171,90.443,9
2021-12-13,01:23:47.396000,7.121,7.93732,Clear,0,1448.44,90.446,9
2021-12-13,01:23:47.496000,7.337,8.15301,Clear,0,1448.71,90.45,9
2021-12-13,01:23:47.596000,7.149,7.96588,Clear,0,1448.98,90.453,9
2021-12-13,01:23:47.696000,7.362,8.17941,Clear,0,1449.25,90.457,9
2021-12-13,01:23:47.796000,7.233,8.05015,Clear,0,1449.521,90.46,9
2021-12-13,01:23:47.996000,7.39,8.20803,Clear,0,1450.063,90.467,9
2021-12-13,01:23:48.096000,7.057,7.87637,Clear,0,1450.334,90.471,9
2021-12-13,01:23:48.296000,7.261,8.08077,Clear,0,1450.877,90.478,9
2021-12-13,01:23:48.396000,7.42,8.23967,Clear,0,1451.149,90.481,9
2021-12-13,01:23:48.496000,7.104,7.92457,Clear,0,1451.422,90.485,9
2021-12-13,01:23:48.596000,7.367,8.18809,Clear,0,1451.694,90.488,9
2021-12-13,01:23:48.696000,7.439,8.26131,Clear,0,1451.967,90.492,9
2021-12-13,01:23:48.796000,7.231,8.05281,Clear,0,1452.24,90.495,9
2021-12-13,01:23:48.896000,7.228,8.05064,Clear,0,1452.513,90.499,9
2021-12-13,01:23:48.996000,7.22,8.04284,Clear,0,1452.787,90.502,9
2021-12-13,01:23:49.096000,7.272,8.09643,Clear,0,1453.061,90.506,9
2021-12-13,01:23:49.196000,7.215,8.03909,Clear,0,1453.335,90.509,9
2021-12-13,01:23:49.296000,7.25,8.07523,Clear,0,1453.609,90.513,9
2021-12-13,01:23:49.396000,7.345,8.17015,Clear,0,1453.883,90.516,9
2021-12-13,01:23:49.496000,7.233,8.05878,Clear,0,1454.158,90.52,9
2021-12-13,01:23:49.596000,7.263,8.08913,Clear,0,1454.433,90.523,9
2021-12-13,01:23:49.796000,7.409,8.23635,Clear,0,1454.984,90.53,9
2021-12-13,01:23:49.996000,7.322,8.14984,Clear,0,1455.536,90.537,9
2021-12-13,01:23:50.096000,7.211,8.03856,Clear,0,1455.812,90.541,9
2021-12-13,01:23:50.196000,7.176,8.00542,Clear,0,1456.089,90.544,9
2021-12-13,01:23:50.296000,7.152,7.98108,Clear,0,1456.365,90.548,9
2021-12-13,01:23:50.396000,7.276,8.10605,Clear,0,1456.642,90.551,9
2021-12-13,01:23:50.496000,7.36,8.18993,Clear,0,1456.92,90.555,9
2021-12-13,01:23:50.596000,7.236,8.06697,Clear,0,1457.197,90.558,9
2021-12-13,01:23:50.696000,7.179,8.00957,Clear,0,1457.475,90.562,9
2021-12-13,01:23:50.796000,7.26,8.09193,Clear,0,1457.753,90.565,9
2021-12-13,01:23:50.896000,7.138,7.96949,Clear,0,1458.031,90.569,9
2021-12-13,01:23:50.996000,7.25,8.08299,Clear,0,1458.31,90.572,9
2021-12-13,01:23:51.096000,7.219,8.05146,Clear,0,1458.589,90.576,9
2021-12-13,01:23:51.196000,7.345,8.17924,Clear,0,1458.868,90.579,9
2021-12-13,01:23:51.296000,7.228,8.06232,Clear,0,1459.147,90.583,9
2021-12-13,01:23:51.396000,7.208,8.04284,Clear,0,1459.427,90.586,9
2021-12-13,01:23:51.496000,7.234,8.06889,Clear,0,1459.706,90.59,9
2021-12-13,01:23:51.596000,7.319,8.15518,Clear,0,1459.986,90.593,9
2021-12-13,01:23:51.696000,7.081,7.91714,Clear,0,1460.267,90.597,9
2021-12-13,01:23:51.796000,7.286,8.12266,Clear,0,1460.547,90.6,9
2021-12-13,01:23:51.896000,7.245,8.08216,Clear,0,1460.828,90.604,9
2021-12-13,01:23:51.996000,7.315,8.1528,Clear,0,1461.109,90.607,9
2021-12-13,01:23:52.096000,7.187,8.02476,Clear,0,1461.39,90.611,9
2021-12-13,01:23:52.196000,7.031,7.87016,Clear,0,1461.672,90.614,9
2021-12-13,01:23:52.296000,7.208,8.04714,Clear,0,1461.953,90.618,9
2021-12-13,01:23:52.396000,7.137,7.97552,Clear,0,1462.235,90.621,9
2021-12-13,01:23:52.496000,7.268,8.10747,Clear,0,1462.518,90.625,9
2021-12-13,01:23:52.596000,7.044,7.88374,Clear,0,1462.8,90.628,9
2021-12-13,01:23:52.696000,7.359,8.20042,Clear,0,1463.083,90.632,9
2021-12-13,01:23:52.796000,7.178,8.01845,Clear,0,1463.366,90.635,9
2021-12-13,01:23:52.896000,7.145,7.98692,Clear,0,1463.649,90.639,9
2021-12-13,01:23:52.996000,7.096,7.93763,Clear,0,1463.932,90.642,9
2021-12-13,01:23:53.096000,7.166,8.00931,Clear,0,1464.216,90.646,9
2021-12-13,01:23:53.196000,7.163,8.00567,Clear,0,1464.5,90.649,9
2021-12-13,01:23:53.296000,7.286,8.1299,Clear,0,1464.784,90.653,9
2021-12-13,01:23:53.396000,7.204,8.04795,Clear,0,1465.069,90.656,9
2021-12-13,01:23:53.496000,7.189,8.03376,Clear,0,1465.353,90.66,9
2021-12-13,01:23:53.596000,7.287,8.13165,Clear,0,1465.638,90.663,9
2021-12-13,01:23:53.696000,7.241,8.08661,Clear,0,1465.924,90.667,9
2021-12-13,01:23:53.796000,7.15,7.99613,Clear,0,1466.209,90.67,9
2021-12-13,01:23:53.896000,7.291,8.13807,Clear,0,1466.495,90.674,9
2021-12-13,01:23:53.996000,7.246,8.09334,Clear,0,1466.781,90.677,9
2021-12-13,01:23:54.096000,7.406,8.2538,Clear,0,1467.067,90.681,9
2021-12-13,01:23:54.196000,7.154,8.00179,Clear,0,1467.353,90.684,9
2021-12-13,01:23:54.296000,7.177,8.02555,Clear,0,1467.64,90.688,9
2021-12-13,01:23:54.396000,7.204,8.05308,Clear,0,1467.927,90.691,9
2021-12-13,01:23:54.496000,7.228,8.07799,Clear,0,1468.214,90.695,9
2021-12-13,01:23:54.596000,7.095,7.9452,Clear,0,1468.501,90.698,9
2021-12-13,01:23:54.696000,7.285,8.13631,Clear,0,1468.789,90.702,9
2021-12-13,01:23:54.796000,7.32,8.17045,Clear,0,1469.077,90.705,9
2021-12-13,01:23:54.896000,7.222,8.07357,Clear,0,1469.365,90.709,9
2021-12-13,01:23:54.996000,7.384,8.23571,Clear,0,1469.653,90.712,9
2021-12-13,01:23:55.096000,7.263,8.11547,Clear,0,1469.942,90.715,9
2021-12-13,01:23:55.196000,7.097,7.94962,Clear,0,1470.231,90.719,9
2021-12-13,01:23:55.296000,7.339,8.193,Clear,0,1470.52,90.722,9
2021-12-13,01:23:55.396000,7.27,8.12382,Clear,0,1470.809,90.726,9
2021-12-13,01:23:55.496000,7.354,8.20914,Clear,0,1471.098,90.729,9
2021-12-13,01:23:55.596000,7.132,7.98743,Clear,0,1471.388,90.733,9
2021-12-13,01:23:55.696000,7.322,8.17832,Clear,0,1471.678,90.736,9
2021-12-13,01:23:55.796000,7.164,8.02002,Clear,0,1471.969,90.74,9
2021-12-13,01:23:55.896000,7.149,8.00619,Clear,0,1472.259,90.743,9
2021-12-13,01:23:55.996000,7.414,8.27119,Clear,0,1472.55,90.747,9
2021-12-13,01:23:56.096000,7.235,8.09306,Clear,0,1472.841,90.75,9
2021-12-13,01:23:56.196000,7.32,8.17802,Clear,0,1473.132,90.754,9
2021-12-13,01:23:56.296000,7.284,8.14306,Clear,0,1473.424,90.757,9
2021-12-13,01:23:56.396000,7.141,7.99973,Clear,0,1473.715,90.761,9
2021-12-13,01:23:56.496000,7.174,8.03403,Clear,0,1474.007,90.764,9
2021-12-13,01:23:56.596000,7.111,7.97049,Clear,0,1474.3,90.768,9
2021-12-13,01:23:56.696000,7.357,8.21824,Clear,0,1474.592,90.771,9
2021-12-13,01:23:56.796000,7.368,8.22932,Clear,0,1474.885,90.775,9
2021-12-13,01:23:56.896000,7.246,8.10747,Clear,0,1475.178,90.778,9
2021-12-13,01:23:56.996000,7.399,8.26131,Clear,0,1475.471,90.782,9
2021-12-13,01:23:57.096000,7.194,8.05687,Clear,0,1475.764,90.785,9
2021-12-13,01:23:57.196000,7.296,8.15905,Clear,0,1476.058,90.789,9
2021-12-13,01:23:57.296000,7.242,8.10634,Clear,0,1476.352,90.792,9
2021-12-13,01:23:57.396000,7.336,8.19949,Clear,0,1476.646,90.796,9
2021-12-13,01:23:57.496000,7.261,8.12584,Clear,0,1476.94,90.799,9
2021-12-13,01:23:57.596000,7.389,8.25347,Clear,0,1477.235,90.803,9
2021-12-13,01:23:57.696000,7.197,8.06287,Clear,0,1477.53,90.806,9
2021-12-13,01:23:57.796000,7.289,8.15459,Clear,0,1477.825,90.81,9
2021-12-13,01:23:57.896000,7.249,8.11576,Clear,0,1478.12,90.813,9
2021-12-13,01:23:57.996000,7.311,8.17832,Clear,0,1478.416,90.817,9
2021-12-13,01:23:58.096000,7.272,8.13953,Clear,0,1478.711,90.82,9
2021-12-13,01:23:58.196000,7.337,8.20446,Clear,0,1479.008,90.824,9
2021-12-13,01:23:58.296000,7.268,8.13661,Clear,0,1479.304,90.827,9
2021-12-13,01:23:58.396000,7.304,8.17257,Clear,0,1479.6,90.831,9
2021-12-13,01:23:58.596000,7.36,8.23006,Clear,0,1480.194,90.837,9
2021-12-13,01:23:58.696000,7.27,8.1408,Clear,0,1480.491,90.841,9
2021-12-13,01:23:58.796000,7.273,8.14404,Clear,0,1480.789,90.844,9
2021-12-13,01:23:58.896000,7.281,8.15264,Clear,0,1481.086,90.848,9
2021-12-13,01:23:58.996000,7.344,8.21608,Clear,0,1481.384,90.851,9
2021-12-13,01:23:59.096000,7.135,8.00766,Clear,0,1481.683,90.855,9
2021-12-13,01:23:59.196000,7.298,8.17095,Clear,0,1481.981,90.858,9
2021-12-13,01:23:59.296000,7.386,8.25988,Clear,0,1482.28,90.862,9
2021-12-13,01:23:59.396000,7.32,8.19421,Clear,0,1482.578,90.865,9
2021-12-13,01:23:59.596000,7.201,8.0762,Clear,0,1483.177,90.872,9
2021-12-13,01:23:59.696000,7.31,8.18589,Clear,0,1483.477,90.876,9
2021-12-13,01:23:59.796000,7.352,8.2275,Clear,0,1483.776,90.879,9
2021-12-13,01:23:59.896000,7.311,8.18804,Clear,0,1484.076,90.883,9
2021-12-13,01:23:59.996000,7.331,8.20791,Clear,0,1484.377,90.886,9
2021-12-13,01:24:00.096000,7.298,8.17611,Clear,0,1484.677,90.89,9
2021-12-13,01:24:00.196000,7.244,8.12211,Clear,0,1484.978,90.893,9
2021-12-13,01:24:00.296000,7.2,8.07926,Clear,0,1485.279,90.897,9
2021-12-13,01:24:00.396000,7.273,8.15234,Clear,0,1485.58,90.9,9
2021-12-13,01:24:00.496000,7.284,8.16371,Clear,0,1485.882,90.904,9
2021-12-13,01:24:00.596000,7.15,8.0303,Clear,0,1486.183,90.907,9
2021-12-13,01:24:00.696000,7.37,8.25137,Clear,0,1486.485,90.911,9
2021-12-13,01:24:00.795000,7.324,8.20447,Clear,0,1486.785,90.914,9
2021-12-13,01:24:00.995000,7.248,8.13025,Clear,0,1487.39,90.921,9
2021-12-13,01:24:01.095000,7.156,8.03857,Clear,0,1487.692,90.924,9
2021-12-13,01:24:01.195000,7.139,8.02208,Clear,0,1487.996,90.928,9
2021-12-13,01:24:01.295000,7.198,8.08177,Clear,0,1488.299,90.931,9
2021-12-13,01:24:01.395000,7.316,8.19948,Clear,0,1488.602,90.935,9
2021-12-13,01:24:01.495000,7.311,8.19638,Clear,0,1488.906,90.938,9
2021-12-13,01:24:01.595000,7.3,8.18497,Clear,0,1489.21,90.942,9
2021-12-13,01:24:01.695000,7.214,8.10005,Clear,0,1489.515,90.945,9
2021-12-13,01:24:01.795000,7.433,8.31862,Clear,0,1489.819,90.949,9
2021-12-13,01:24:01.895000,7.401,8.2875,Clear,0,1490.124,90.952,9
2021-12-13,01:24:01.995000,7.4,8.28683,Clear,0,1490.429,90.956,9
2021-12-13,01:24:02.095000,7.258,8.14581,Clear,0,1490.734,90.959,9
2021-12-13,01:24:02.195000,7.365,8.25267,Clear,0,1491.039,90.963,9
2021-12-13,01:24:02.295000,7.401,8.28986,Clear,0,1491.345,90.966,9
2021-12-13,01:24:02.395000,7.377,8.26614,Clear,0,1491.651,90.97,9
2021-12-13,01:24:02.495000,7.382,8.27211,Clear,0,1491.957,90.973,9
2021-12-13,01:24:02.595000,7.107,7.99677,Clear,0,1492.264,90.977,9
2021-12-13,01:24:02.695000,7.425,8.31585,Clear,0,1492.57,90.98,9
2021-12-13,01:24:02.795000,7.333,8.22432,Clear,0,1492.877,90.983,9
2021-12-13,01:24:02.895000,7.177,8.06874,Clear,0,1493.184,90.987,9
2021-12-13,01:24:02.995000,7.233,8.12588,Clear,0,1493.491,90.99,9
2021-12-13,01:24:03.095000,7.336,8.22942,Clear,0,1493.799,90.994,9
2021-12-13,01:24:03.195000,7.37,8.2635,Clear,0,1494.107,90.997,9
2021-12-13,01:24:03.295000,7.388,8.28179,Clear,0,1494.415,91.001,9
2021-12-13,01:24:03.395000,7.354,8.24876,Clear,0,1494.723,91.004,9
2021-12-13,01:24:03.595000,7.286,8.1816,Clear,0,1495.34,91.011,9
2021-12-13,01:24:03.695000,7.217,8.11317,Clear,0,1495.649,91.015,9
2021-12-13,01:24:03.795000,7.321,8.21766,Clear,0,1495.958,91.018,9
2021-12-13,01:24:03.895000,7.362,8.25889,Clear,0,1496.267,91.022,9
2021-12-13,01:24:03.995000,7.424,8.32174,Clear,0,1496.577,91.025,9
2021-12-13,01:24:04.095000,7.298,8.19545,Clear,0,1496.887,91.029,9
2021-12-13,01:24:04.195000,7.288,8.18712,Clear,0,1497.197,91.032,9
2021-12-13,01:24:04.295000,7.28,8.17916,Clear,0,1497.507,91.035,9
2021-12-13,01:24:04.395000,7.274,8.17429,Clear,0,1497.818,91.039,9
2021-12-13,01:24:04.495000,7.283,8.18344,Clear,0,1498.128,91.042,9
2021-12-13,01:24:04.595000,7.395,8.2963,Clear,0,1498.439,91.046,9
2021-12-13,01:24:04.695000,7.2,8.10118,Clear,0,1498.75,91.049,9
2021-12-13,01:24:04.795000,7.179,8.08065,Clear,0,1499.062,91.053,9
2021-12-13,01:24:04.895000,7.232,8.13434,Clear,0,1499.373,91.056,9
2021-12-13,01:24:04.995000,7.372,8.27477,Clear,0,1499.685,91.06,9
2021-12-13,01:24:05.095000,7.418,8.3214,Clear,0,1499.997,91.063,9
2021-12-13,01:24:05.195000,7.363,8.2668,Clear,0,1500.31,91.067,9
2021-12-13,01:24:05.295000,7.262,8.16642,Clear,0,1500.622,91.07,9
2021-12-13,01:24:05.395000,7.313,8.21798,Clear,0,1500.935,91.074,9
2021-12-13,01:24:05.997000,7.364,8.27244,Clear,0,1502.823,91.094,9
2021-12-13,01:24:06.097000,7.222,8.13054,Clear,0,1503.137,91.098,9
2021-12-13,01:24:06.197000,7.264,8.17277,Clear,0,1503.452,91.101,9
2021-12-13,01:24:06.297000,7.276,8.18589,Clear,0,1503.767,91.105,9
2021-12-13,01:24:06.397000,7.144,8.05423,Clear,0,1504.082,91.108,9
2021-12-13,01:24:06.497000,7.334,8.24487,Clear,0,1504.397,91.112,9
2021-12-13,01:24:06.597000,7.258,8.16914,Clear,0,1504.713,91.115,9
2021-12-13,01:24:06.697000,7.403,8.31446,Clear,0,1505.028,91.119,9
2021-12-13,01:24:06.797000,7.284,8.19545,Clear,0,1505.344,91.122,9
2021-12-13,01:24:06.897000,7.413,8.32628,Clear,0,1505.661,91.126,9
2021-12-13,01:24:06.997000,7.274,8.18743,Clear,0,1505.977,91.129,9
2021-12-13,01:24:07.097000,7.319,8.23262,Clear,0,1506.294,91.132,9
2021-12-13,01:24:07.197000,7.441,8.35459,Clear,0,1506.611,91.136,9
2021-12-13,01:24:07.297000,7.301,8.21608,Clear,0,1506.928,91.139,9
2021-12-13,01:24:07.397000,7.318,8.23262,Clear,0,1507.245,91.143,9
2021-12-13,01:24:07.497000,7.148,8.06434,Clear,0,1507.562,91.146,9
2021-12-13,01:24:07.597000,7.406,8.32244,Clear,0,1507.88,91.15,9
2021-12-13,01:24:07.697000,7.386,8.30278,Clear,0,1508.198,91.153,9
2021-12-13,01:24:07.797000,7.28,8.19669,Clear,0,1508.516,91.157,9
2021-12-13,01:24:07.997000,7.308,8.22655,Clear,0,1509.154,91.164,9
2021-12-13,01:24:08.097000,7.228,8.1467,Clear,0,1509.472,91.167,9
2021-12-13,01:24:08.197000,7.357,8.27677,Clear,0,1509.792,91.17,9
2021-12-13,01:24:08.297000,7.144,8.06379,Clear,0,1510.111,91.174,9
2021-12-13,01:24:08.397000,7.244,8.16491,Clear,0,1510.43,91.177,9
2021-12-13,01:24:08.497000,7.345,8.26581,Clear,0,1510.75,91.181,9
2021-12-13,01:24:08.597000,7.259,8.1813,Clear,0,1511.07,91.184,9
2021-12-13,01:24:08.697000,7.355,8.2771,Clear,0,1511.39,91.188,9
2021-12-13,01:24:08.797000,7.247,8.17005,Clear,0,1511.711,91.191,9
2021-12-13,01:24:08.897000,7.276,8.19855,Clear,0,1512.032,91.195,9
2021-12-13,01:24:09.097000,7.445,8.36913,Clear,0,1512.674,91.201,9
2021-12-13,01:24:09.197000,7.373,8.29761,Clear,0,1512.995,91.205,9
2021-12-13,01:24:09.297000,7.185,8.11018,Clear,0,1513.316,91.208,9
2021-12-13,01:24:09.397000,7.328,8.25361,Clear,0,1513.638,91.212,9
2021-12-13,01:24:09.497000,7.233,8.15898,Clear,0,1513.96,91.215,9
2021-12-13,01:24:09.597000,7.27,8.19677,Clear,0,1514.282,91.219,9
2021-12-13,01:24:09.697000,7.357,8.28386,Clear,0,1514.605,91.222,9
2021-12-13,01:24:09.897000,7.27,8.19862,Clear,0,1515.25,91.229,9
2021-12-13,01:24:09.997000,7.373,8.30201,Clear,0,1515.574,91.232,9
2021-12-13,01:24:10.097000,7.18,8.10989,Clear,0,1515.897,91.236,9
2021-12-13,01:24:10.197000,7.401,8.33052,Clear,0,1516.22,91.239,9
2021-12-13,01:24:10.297000,7.22,8.15128,Clear,0,1516.544,91.243,9
2021-12-13,01:24:10.397000,7.301,8.23179,Clear,0,1516.868,91.246,9
2021-12-13,01:24:10.497000,7.309,8.24072,Clear,0,1517.192,91.25,9
2021-12-13,01:24:10.597000,7.234,8.16644,Clear,0,1517.517,91.253,9
2021-12-13,01:24:10.697000,7.374,8.30711,Clear,0,1517.842,91.257,9
2021-12-13,01:24:10.797000,7.312,8.2449,Clear,0,1518.166,91.26,9
2021-12-13,01:24:10.897000,7.349,8.28319,Clear,0,1518.491,91.263,9
2021-12-13,01:24:10.997000,7.249,8.18271,Clear,0,1518.817,91.267,9
2021-12-13,01:24:11.097000,7.318,8.25264,Clear,0,1519.142,91.27,9
2021-12-13,01:24:11.197000,7.339,8.27423,Clear,0,1519.468,91.274,9
2021-12-13,01:24:11.397000,7.295,8.23211,Clear,0,1520.12,91.281,9
2021-12-13,01:24:11.497000,7.208,8.14511,Clear,0,1520.447,91.284,9
2021-12-13,01:24:11.597000,7.371,8.30915,Clear,0,1520.773,91.288,9
2021-12-13,01:24:11.697000,7.225,8.16315,Clear,0,1521.1,91.291,9
2021-12-13,01:24:11.897000,7.191,8.13025,Clear,0,1521.754,91.298,9
2021-12-13,01:24:11.997000,7.215,8.15483,Clear,0,1522.082,91.301,9
2021-12-13,01:24:12.097000,7.376,8.31565,Clear,0,1522.41,91.305,9
2021-12-13,01:24:12.197000,7.292,8.23274,Clear,0,1522.738,91.308,9
2021-12-13,01:24:12.297000,7.125,8.06565,Clear,0,1523.066,91.312,9
2021-12-13,01:24:12.397000,7.231,8.17274,Clear,0,1523.394,91.315,9
2021-12-13,01:24:12.497000,7.306,8.2478,Clear,0,1523.723,91.318,9
2021-12-13,01:24:12.597000,7.177,8.12016,Clear,0,1524.052,91.322,9
2021-12-13,01:24:12.697000,7.294,8.23657,Clear,0,1524.381,91.325,9
2021-12-13,01:24:12.797000,7.241,8.18454,Clear,0,1524.71,91.329,9
2021-12-13,01:24:12.897000,7.205,8.14981,Clear,0,1525.039,91.332,9
2021-12-13,01:24:12.997000,7.355,8.29964,Clear,0,1525.369,91.336,9
2021-12-13,01:24:13.097000,7.047,7.9934,Clear,0,1525.699,91.339,9
2021-12-13,01:24:13.297000,7.151,8.09831,Clear,0,1526.359,91.346,9
2021-12-13,01:24:13.397000,7.336,8.28319,Clear,0,1526.69,91.349,9
2021-12-13,01:24:13.597000,7.131,8.07882,Clear,0,1527.351,91.356,9
2021-12-13,01:24:13.697000,7.406,8.3548,Clear,0,1527.683,91.36,9
2021-12-13,01:24:13.797000,7.324,8.27324,Clear,0,1528.014,91.363,9
2021-12-13,01:24:13.897000,7.375,8.32462,Clear,0,1528.346,91.367,9
2021-12-13,01:24:13.997000,7.395,8.34488,Clear,0,1528.677,91.37,9
2021-12-13,01:24:14.097000,7.202,8.15246,Clear,0,1529.01,91.373,9
2021-12-13,01:24:14.197000,7.079,8.03077,Clear,0,1529.342,91.377,9
2021-12-13,01:24:14.297000,7.119,8.07057,Clear,0,1529.674,91.38,9
2021-12-13,01:24:14.397000,7.282,8.23497,Clear,0,1530.007,91.384,9
2021-12-13,01:24:14.497000,7.134,8.08713,Clear,0,1530.34,91.387,9
2021-12-13,01:24:14.597000,7.246,8.19985,Clear,0,1530.673,91.391,9
2021-12-13,01:24:14.697000,7.07,8.02393,Clear,0,1531.006,91.394,9
2021-12-13,01:24:14.797000,7.07,8.02471,Clear,0,1531.34,91.397,9
2021-12-13,01:24:14.897000,7.296,8.25135,Clear,0,1531.674,91.401,9
2021-12-13,01:24:14.997000,7.362,8.31806,Clear,0,1532.008,91.404,9
2021-12-13,01:24:15.097000,7.221,8.17696,Clear,0,1532.342,91.408,9
2021-12-13,01:24:15.197000,7.331,8.28753,Clear,0,1532.676,91.411,9
2021-12-13,01:24:15.297000,7.412,8.36877,Clear,0,1533.011,91.414,9
2021-12-13,01:24:15.397000,7.351,8.30847,Clear,0,1533.346,91.418,9
2021-12-13,01:24:15.497000,7.235,8.19401,Clear,0,1533.681,91.421,9
2021-12-13,01:24:15.597000,7.255,8.21383,Clear,0,1534.016,91.425,9
2021-12-13,01:24:15.697000,7.321,8.28119,Clear,0,1534.351,91.428,9
2021-12-13,01:24:15.797000,7.434,8.3943,Clear,0,1534.687,91.432,9
2021-12-13,01:24:15.897000,7.355,8.31565,Clear,0,1535.023,91.435,9
2021-12-13,01:24:15.997000,7.348,8.30847,Clear,0,1535.359,91.438,9
2021-12-13,01:24:16.097000,7.335,8.2966,Clear,0,1535.695,91.442,9
2021-12-13,01:24:16.197000,7.243,8.2048,Clear,0,1536.032,91.445,9
2021-12-13,01:24:16.297000,7.226,8.1885,Clear,0,1536.369,91.449,9
2021-12-13,01:24:16.397000,7.314,8.27721,Clear,0,1536.706,91.452,9
2021-12-13,01:24:16.497000,7.309,8.27291,Clear,0,1537.043,91.456,9
2021-12-13,01:24:16.597000,7.184,8.14775,Clear,0,1537.38,91.459,9
2021-12-13,01:24:16.697000,7.142,8.10706,Clear,0,1537.718,91.462,9
2021-12-13,01:24:16.997000,7.453,8.42044,Clear,0,1538.732,91.473,9
2021-12-13,01:24:17.197000,7.161,8.12909,Clear,0,1539.409,91.479,9
2021-12-13,01:24:17.297000,7.21,8.17817,Clear,0,1539.748,91.483,9
2021-12-13,01:24:17.397000,7.145,8.11388,Clear,0,1540.087,91.486,9
